rental ID,customer ID,car ID,rental begin date,predict finish date,actual finish date,rental payment,status
1,381,185,2013-11-24,2013-11-27,2016-09-25,536646,Done
2,152,80,2013-11-30,2013-12-05,2013-11-30,290,Done
3,367,165,2013-12-01,2013-12-07,2014-04-30,82782,Done
4,360,181,2013-12-02,2014-01-06,2013-12-02,4795,Done
5,265,79,2013-12-03,2013-12-28,2013-12-29,4984,Done
6,405,184,2013-12-05,2013-12-10,2013-12-30,8710,Done
7,115,23,2013-12-06,2013-12-26,2014-11-03,58316,Done
8,120,48,2013-12-07,2013-12-21,2014-01-13,15355,Done
9,160,188,2013-12-08,2013-12-16,2014-02-03,15655,Done
10,385,73,2013-12-10,2014-01-26,2013-12-30,3995,Done
11,144,44,2013-12-11,2014-01-20,2014-02-08,10185,Done
12,122,181,2013-12-12,2014-01-06,2014-03-27,36305,Done
13,49,74,2013-12-13,2014-01-12,2015-05-08,92799,Done
14,320,196,2013-12-13,2013-12-18,2014-01-25,478765,Broken
15,199,129,2013-12-16,2014-02-07,2013-12-19,6095,Done
16,471,155,2013-12-16,2014-01-04,2013-12-26,2432,Done
17,228,136,2013-12-17,2013-12-26,2013-12-17,855,Done
18,127,109,2013-12-18,2013-12-18,2014-09-10,118104,Done
19,499,136,2013-12-19,2013-12-29,2013-12-19,318214,Broken
20,323,119,2013-12-20,2014-01-04,2014-01-11,4212,Done
21,80,182,2013-12-21,2013-12-21,2014-05-09,47121,Done
22,131,80,2013-12-27,2014-01-01,2014-02-14,213658,Broken
23,123,2,2013-12-28,2014-01-20,2014-02-11,8900,Done
24,234,151,2013-12-29,2014-03-01,2014-01-14,11408,Done
25,167,155,2013-12-30,2014-01-18,2014-03-13,23168,Done
26,278,136,2013-12-31,2014-01-03,2013-12-31,317549,Broken
27,432,15,2014-01-01,2014-02-15,2014-01-01,3060,Done
28,134,184,2014-01-02,2014-01-03,2014-01-06,1340,Done
29,232,29,2014-01-03,2014-01-15,2014-01-03,2184,Done
30,227,132,2014-01-03,2014-01-14,2014-07-25,107421,Done
31,479,159,2014-01-04,2014-01-25,2014-03-24,23400,Done
32,303,101,2014-01-04,2014-02-23,2014-02-16,192921,Broken
33,485,142,2014-01-05,2014-01-27,2014-01-05,4180,Done
34,330,142,2014-01-05,2014-01-16,2014-05-14,69350,Done
35,221,108,2014-01-07,2014-02-16,2014-01-07,5120,Done
36,468,73,2014-01-11,2014-01-19,2014-01-17,680,Done
37,447,183,2014-01-16,2014-02-27,2014-07-09,39858,Done
38,286,26,2014-01-17,2014-01-29,2014-05-25,37800,Done
39,447,147,2014-01-17,2014-02-11,2014-01-17,1600,Done
40,222,119,2014-01-17,2014-01-25,2014-01-23,936,Done
41,355,107,2014-01-18,2014-01-19,2014-02-05,6292,Done
42,82,124,2014-01-18,2014-03-05,2014-01-27,458514,Broken
43,353,54,2014-01-19,2014-02-07,2014-03-05,18236,Done
44,324,177,2014-01-22,2014-01-30,2014-02-20,116587,Broken
45,19,25,2014-01-23,2014-03-06,2014-04-10,179226,Broken
46,193,151,2014-01-30,2014-03-17,2014-08-28,98992,Done
47,111,27,2014-01-31,2014-03-24,2014-01-31,8476,Done
48,429,192,2014-02-01,2014-02-23,2014-03-07,5800,Done
49,305,35,2014-02-01,2014-02-28,2014-02-13,1350,Done
50,301,33,2014-02-02,2014-02-19,2014-02-02,884,Done
51,411,14,2014-02-05,2014-02-18,2014-05-27,146171,Broken
52,436,71,2014-02-06,2014-02-15,2014-02-09,127902,Broken
53,152,196,2014-02-07,2014-03-06,2016-02-27,694773,Broken
54,210,170,2014-02-08,2014-02-22,2014-02-20,1064,Done
55,2,97,2014-02-08,2014-03-20,2014-03-03,3560,Done
56,43,61,2014-02-10,2014-03-03,2014-02-10,4200,Done
57,152,167,2014-02-13,2014-02-13,2014-02-16,1773,Done
58,59,158,2014-02-14,2014-02-21,2014-02-19,1400,Done
59,27,80,2014-02-15,2014-02-25,2014-02-18,580,Done
60,262,60,2014-02-16,2014-03-09,2014-02-16,1428,Done
61,238,178,2014-02-16,2014-02-22,2014-02-22,1068,Done
62,229,190,2014-02-19,2014-03-02,2015-05-25,195552,Done
63,250,35,2014-02-19,2014-03-03,2014-02-25,600,Done
64,280,48,2014-02-19,2014-02-23,2016-02-09,398120,Done
65,58,15,2014-02-22,2014-04-15,2015-05-02,307739,Broken
66,78,178,2014-02-25,2014-04-10,2015-05-21,224636,Done
67,339,35,2014-02-27,2014-03-10,2014-05-05,8950,Done
68,76,128,2014-02-28,2014-04-05,2014-08-23,75240,Done
69,186,184,2014-02-28,2014-04-01,2014-03-02,4288,Done
70,500,81,2014-02-28,2014-04-04,2014-09-18,314779,Broken
71,463,157,2014-03-02,2014-03-08,2014-06-09,33345,Done
72,453,119,2014-03-03,2014-03-12,2014-07-06,41769,Done
73,134,7,2014-03-05,2014-04-24,2014-04-12,464297,Broken
74,90,79,2014-03-06,2014-04-07,2014-04-17,11036,Done
75,283,104,2014-03-07,2014-04-14,2014-05-21,23542,Done
76,224,94,2014-03-07,2014-03-14,2014-03-07,903,Done
77,79,184,2014-03-08,2014-03-17,2014-12-13,233543,Broken
78,410,139,2014-03-08,2014-04-07,2014-03-08,274540,Broken
79,206,188,2014-03-10,2014-04-01,2014-08-31,48278,Done
80,363,158,2014-03-11,2014-03-27,2014-03-11,3200,Done
81,124,164,2014-03-12,2014-03-27,2014-05-03,16884,Done
82,261,139,2014-03-15,2014-04-19,2014-06-25,20532,Done
83,390,80,2014-03-16,2014-05-08,2014-07-09,13862,Done
84,210,32,2014-03-17,2014-03-17,2014-08-16,35568,Done
85,257,97,2014-03-19,2014-04-26,2014-05-30,12460,Done
86,260,75,2014-03-20,2014-03-27,2014-04-21,5084,Done
87,311,118,2014-03-21,2014-04-07,2014-03-25,3281,Done
88,106,127,2014-03-23,2014-04-23,2014-07-08,48433,Done
89,79,41,2014-03-23,2014-04-18,2014-05-26,26320,Done
90,162,69,2014-03-24,2014-04-04,2014-03-24,291184,Broken
91,385,118,2014-03-27,2014-04-26,2014-03-29,5790,Done
92,189,28,2014-03-27,2014-03-29,2015-01-31,563002,Broken
93,388,162,2014-03-29,2014-04-02,2014-03-29,736,Done
94,432,116,2014-04-01,2014-04-09,2014-04-01,464,Done
95,17,19,2014-04-01,2014-04-23,2014-04-01,2530,Done
96,405,6,2014-04-02,2014-06-03,2014-09-23,61690,Done
97,40,198,2014-04-02,2014-04-11,2014-05-13,9765,Done
98,290,96,2014-04-03,2014-05-05,2014-06-16,9006,Done
99,4,21,2014-04-05,2014-05-28,2014-04-23,6254,Done
100,399,172,2014-04-06,2014-04-18,2014-07-18,38475,Done
101,238,2,2014-04-07,2014-04-19,2014-04-07,1200,Done
102,465,153,2014-04-07,2014-04-08,2014-04-07,169,Done
103,169,133,2014-04-08,2014-04-30,2014-04-09,1672,Done
104,222,161,2014-04-08,2014-04-14,2014-05-13,17856,Done
105,54,91,2014-04-09,2014-04-15,2014-07-09,50112,Done
106,231,170,2014-04-11,2014-04-28,2015-07-23,104120,Done
107,222,108,2014-04-11,2014-04-16,2014-04-15,640,Done
108,302,124,2014-04-11,2014-05-21,2014-07-31,44528,Done
109,444,160,2014-04-13,2014-05-24,2014-04-13,4633,Done
110,1,73,2014-04-19,2014-05-17,2014-06-09,300327,Broken
111,283,1,2014-04-19,2014-05-02,2014-04-23,2379,Done
112,278,135,2014-04-21,2014-04-21,2014-05-21,15480,Done
113,372,42,2014-04-24,2014-06-06,2014-04-24,3784,Done
114,96,108,2014-04-25,2014-05-14,2014-10-07,58496,Done
115,486,72,2014-04-26,2014-05-07,2014-08-04,18070,Done
116,44,111,2014-04-26,2014-05-01,2014-10-27,95392,Done
117,499,62,2014-05-01,2014-05-23,2015-01-09,92950,Done
118,55,36,2014-05-02,2014-05-09,2014-05-14,1518,Done
119,144,92,2014-05-02,2014-05-12,2014-10-26,39858,Done
120,383,195,2014-05-02,2014-05-09,2014-06-14,456626,Broken
121,264,153,2014-05-03,2014-05-06,2014-09-27,73515,Done
122,425,38,2014-05-04,2014-06-15,2014-11-18,44370,Done
123,84,113,2014-05-07,2014-06-03,2015-02-18,158979,Done
124,139,93,2014-05-11,2014-06-05,2014-05-11,409961,Broken
125,419,71,2014-05-12,2014-07-03,2014-06-26,7488,Done
126,488,21,2014-05-12,2014-05-29,2014-05-12,2006,Done
127,13,149,2014-05-13,2014-05-17,2014-05-15,508,Done
128,130,75,2014-05-14,2014-05-29,2014-10-28,29202,Done
129,128,156,2014-05-14,2014-05-26,2014-05-14,320200,Broken
130,134,9,2014-05-16,2014-05-17,2014-05-16,54,Done
131,260,149,2014-05-17,2014-05-21,2014-05-17,407901,Broken
132,65,100,2014-05-18,2014-07-16,2014-05-18,10797,Done
133,334,192,2014-05-19,2014-05-23,2014-09-08,32800,Done
134,212,30,2014-05-20,2014-06-09,2014-06-30,162810,Broken
135,263,10,2014-05-21,2014-05-24,2014-08-05,489959,Broken
136,268,122,2014-05-22,2014-07-12,2014-07-29,12036,Done
137,292,99,2014-05-22,2014-05-26,2014-05-30,1568,Done
138,164,150,2014-05-24,2014-07-07,2014-11-17,44300,Done
139,374,31,2014-05-24,2014-07-15,2014-05-24,8944,Done
140,12,115,2014-05-28,2014-06-05,2014-06-09,372969,Broken
141,346,163,2014-05-28,2014-06-08,2014-06-10,2822,Done
142,97,17,2014-05-29,2014-06-23,2014-11-04,73871,Done
143,318,93,2014-05-29,2014-07-09,2014-06-27,8077,Done
144,193,134,2014-05-31,2014-07-22,2014-05-31,10348,Done
145,94,84,2014-06-05,2014-06-21,2014-07-19,19700,Done
146,499,99,2014-06-06,2014-06-19,2014-08-18,18914,Done
147,53,176,2014-06-07,2014-07-22,2014-08-13,10323,Done
148,126,11,2014-06-12,2014-08-08,2015-01-02,54780,Done
149,273,129,2014-06-17,2014-06-20,2014-09-14,30015,Done
150,493,179,2014-06-18,2014-08-07,2014-10-25,43050,Done
151,354,7,2014-06-19,2014-07-07,2014-06-19,2934,Done
152,161,35,2014-06-19,2014-06-23,2014-11-30,24200,Done
153,490,197,2014-06-20,2014-08-09,2014-09-27,281201,Broken
154,76,105,2014-06-22,2014-06-24,2014-11-01,41944,Done
155,132,101,2014-06-24,2014-08-16,2014-07-16,4240,Done
156,292,186,2014-06-25,2014-07-01,2014-11-27,22650,Done
157,394,68,2014-06-26,2014-07-24,2014-06-26,1736,Done
158,31,83,2014-06-29,2014-07-28,2015-08-07,101552,Done
159,51,41,2014-06-29,2014-08-05,2014-06-29,6956,Done
160,178,26,2014-06-29,2014-08-23,2014-06-29,435893,Broken
161,276,25,2014-06-29,2014-08-06,2015-01-31,43472,Done
162,139,36,2014-06-30,2014-07-14,2014-12-26,35121,Done
163,327,161,2014-07-01,2014-08-30,2014-07-05,11520,Done
164,394,118,2014-07-01,2014-07-13,2014-12-27,99009,Done
165,384,30,2014-07-01,2014-08-17,2014-07-21,9118,Done
166,124,88,2014-07-02,2014-07-09,2015-07-22,318791,Broken
167,282,21,2014-07-02,2014-09-07,2014-10-05,17818,Done
168,495,13,2014-07-04,2014-07-14,2014-07-27,6223,Done
169,282,195,2014-07-05,2014-07-19,2014-07-05,1904,Done
170,307,133,2014-07-05,2014-07-26,2014-11-19,28044,Done
171,242,14,2014-07-06,2014-07-13,2017-12-13,364138,Done
172,407,67,2014-07-09,2014-08-03,2014-07-31,2400,Done
173,242,173,2014-07-09,2014-07-20,2015-02-22,45016,Done
174,231,41,2014-07-09,2014-08-11,2014-07-12,6204,Done
175,122,140,2014-07-10,2014-08-02,2014-12-24,49595,Done
176,297,95,2014-07-10,2014-07-12,2015-10-21,72800,Done
177,275,164,2014-07-12,2014-09-07,2014-07-27,7638,Done
178,388,195,2014-07-15,2014-07-29,2014-09-19,23120,Done
179,172,73,2014-07-17,2014-08-10,2014-11-07,24735,Done
180,224,101,2014-07-19,2014-07-21,2014-08-06,4000,Done
181,167,7,2014-07-23,2014-08-07,2014-08-30,13692,Done
182,295,161,2014-07-24,2014-08-15,2014-11-03,50304,Done
183,422,145,2014-07-25,2014-08-03,2014-08-27,8505,Done
184,328,104,2014-07-25,2014-08-06,2014-07-25,463691,Broken
185,447,136,2014-07-27,2014-07-29,2014-08-22,7030,Done
186,9,166,2014-07-27,2014-08-04,2015-11-01,514124,Broken
187,283,126,2014-07-29,2014-08-24,2014-10-27,12426,Done
188,33,44,2014-08-01,2014-08-13,2014-08-16,2205,Done
189,42,107,2014-08-07,2014-08-13,2014-08-13,726,Done
190,15,155,2014-08-08,2014-08-31,2014-08-08,2944,Done
191,481,16,2014-08-15,2014-10-03,2014-10-22,18020,Done
192,471,123,2014-08-17,2014-09-14,2014-08-17,443869,Broken
193,166,139,2014-08-17,2014-09-12,2014-10-24,13224,Done
194,368,107,2014-08-17,2014-10-05,2014-08-17,5929,Done
195,392,31,2014-08-18,2014-09-02,2014-08-22,2580,Done
196,322,84,2014-08-19,2014-09-25,2015-07-25,186362,Done
197,473,167,2014-08-24,2014-10-16,2015-01-13,63040,Done
198,31,1,2014-08-26,2014-11-04,2014-12-03,28731,Done
199,186,33,2014-08-26,2014-09-04,2014-08-26,468,Done
200,298,31,2014-08-27,2014-10-05,2014-08-27,6708,Done
201,171,132,2014-08-31,2014-09-13,2014-09-18,5124,Done
202,210,191,2014-09-03,2014-09-23,2014-11-05,28906,Done
203,441,165,2014-09-04,2014-10-02,2014-12-04,41013,Done
204,37,122,2014-09-04,2014-09-07,2014-09-04,354,Done
205,464,177,2014-09-06,2014-10-04,2016-06-29,235460,Done
206,371,115,2014-09-07,2014-10-15,2015-07-26,72090,Done
207,84,101,2014-09-07,2014-09-08,2014-09-07,80,Done
208,471,77,2014-09-08,2014-09-22,2014-09-18,1512,Done
209,88,7,2014-09-09,2014-10-15,2014-09-09,462015,Broken
210,482,39,2014-09-10,2014-09-19,2015-01-22,74496,Done
211,89,145,2014-09-10,2014-09-10,2015-03-23,61110,Done
212,117,134,2014-09-11,2014-10-14,2014-09-11,195227,Broken
213,420,98,2014-09-13,2014-09-21,2014-11-10,154830,Broken
214,361,64,2014-09-18,2014-09-28,2014-09-18,227281,Broken
215,204,132,2014-09-24,2014-10-30,2014-12-23,36234,Done
216,290,71,2014-09-26,2014-10-04,2016-04-15,242640,Done
217,266,176,2014-09-28,2014-10-17,2014-09-28,1767,Done
218,153,77,2014-09-30,2014-10-02,2014-10-27,447441,Broken
219,454,99,2014-10-02,2014-11-22,2015-09-16,92610,Done
220,75,30,2014-10-03,2014-10-11,2014-10-24,9118,Done
221,295,122,2014-10-09,2014-11-05,2017-11-15,394710,Done
222,430,130,2014-10-09,2014-10-21,2014-10-24,1491,Done
223,62,194,2014-10-12,2014-10-24,2015-01-22,20586,Done
224,262,156,2014-10-16,2014-10-18,2014-12-28,26660,Done
225,419,31,2014-10-16,2014-11-01,2015-05-02,293455,Broken
226,406,54,2014-10-16,2014-10-17,2014-10-16,278781,Broken
227,417,148,2014-10-16,2014-10-16,2014-11-18,203600,Broken
228,101,137,2014-10-18,2014-12-03,2014-11-25,3312,Done
229,90,21,2014-10-19,2014-10-30,2014-10-19,1298,Done
230,463,154,2014-10-20,2014-11-19,2015-12-04,202410,Done
231,429,168,2014-10-21,2014-10-22,2014-10-21,474837,Broken
232,354,78,2014-10-22,2014-10-30,2015-06-12,97669,Done
233,490,129,2014-10-22,2014-10-26,2014-12-13,17020,Done
234,370,195,2014-10-23,2014-10-30,2014-10-23,952,Done
235,204,44,2014-10-29,2014-11-10,2014-12-11,11025,Done
236,290,72,2014-10-31,2014-12-12,2014-11-26,2730,Done
237,230,54,2014-11-03,2014-11-15,2015-01-13,35532,Done
238,74,130,2014-11-05,2014-12-14,2015-06-03,39192,Done
239,67,107,2014-11-06,2014-11-24,2014-12-07,6897,Done
240,77,183,2014-11-07,2014-11-16,2014-11-07,819,Done
241,27,73,2014-11-08,2014-12-28,2014-12-21,4250,Done
242,200,21,2014-11-14,2014-11-15,2015-02-08,30208,Done
243,145,80,2014-11-14,2014-12-03,2014-12-25,4930,Done
244,290,157,2014-11-16,2014-11-23,2015-10-13,273879,Broken
245,411,53,2014-11-17,2014-11-28,2014-11-21,2112,Done
246,403,2,2014-11-17,2014-11-17,2014-11-17,0,Done
247,165,188,2014-11-17,2015-01-08,2017-05-12,264317,Done
248,148,105,2014-11-19,2014-12-07,2015-07-20,74151,Done
249,403,163,2014-11-21,2014-12-20,2014-11-21,404890,Broken
250,139,23,2014-11-22,2014-12-01,2014-12-27,388562,Broken
251,350,3,2014-11-26,2014-12-09,2015-04-21,25956,Done
252,310,81,2014-11-26,2014-12-11,2014-11-26,1515,Done
253,164,29,2014-11-27,2014-12-26,2015-03-08,44590,Done
254,489,37,2014-11-27,2014-12-21,2015-02-11,28440,Done
255,64,181,2014-11-27,2014-12-23,2014-12-06,3562,Done
256,229,128,2014-11-28,2014-11-28,2015-07-02,106920,Done
257,245,147,2014-12-02,2014-12-14,2014-12-02,768,Done
258,396,20,2014-12-02,2014-12-05,2015-09-29,98670,Done
259,7,75,2014-12-03,2014-12-07,2014-12-17,2108,Done
260,66,164,2014-12-04,2015-01-29,2015-04-30,44086,Done
261,283,53,2014-12-09,2014-12-28,2014-12-28,3648,Done
262,216,35,2014-12-09,2014-12-19,2014-12-09,500,Done
263,78,92,2014-12-10,2015-01-01,2015-07-25,49686,Done
264,198,50,2014-12-11,2014-12-16,2015-04-25,48980,Done
265,412,139,2014-12-13,2014-12-23,2015-01-12,6090,Done
266,421,191,2014-12-13,2015-02-21,2015-01-08,353098,Broken
267,228,108,2014-12-14,2015-01-08,2015-03-19,30080,Done
268,272,129,2014-12-16,2015-01-11,2014-12-22,2990,Done
269,159,77,2014-12-17,2014-12-20,2014-12-17,324,Done
270,316,111,2014-12-18,2015-01-28,2015-02-03,10384,Done
271,124,123,2014-12-18,2014-12-26,2015-05-27,45936,Done
272,134,5,2014-12-20,2014-12-31,2015-01-25,6536,Done
273,339,137,2014-12-23,2015-02-20,2015-01-10,4248,Done
274,77,129,2014-12-25,2014-12-27,2015-01-12,5750,Done
275,56,119,2015-01-01,2015-01-21,2015-03-04,17082,Done
276,214,150,2015-01-02,2015-01-06,2015-03-30,25300,Done
277,356,41,2015-01-09,2015-02-22,2015-01-12,8272,Done
278,265,89,2015-01-11,2015-02-21,2015-01-26,317479,Broken
279,495,91,2015-01-11,2015-01-20,2015-03-24,356405,Broken
280,174,27,2015-01-13,2015-01-19,2015-03-24,253350,Broken
281,37,41,2015-01-13,2015-01-15,2015-03-29,41548,Done
282,276,121,2015-01-15,2015-01-27,2015-02-02,266896,Broken
283,225,106,2015-01-16,2015-02-03,2015-02-09,3996,Done
284,92,62,2015-01-17,2015-01-30,2015-01-21,1690,Done
285,437,96,2015-01-18,2015-02-15,2015-03-18,6897,Done
286,365,23,2015-01-22,2015-03-02,2015-03-11,4026,Done
287,465,158,2015-01-22,2015-02-08,2018-02-05,659200,Done
288,132,104,2015-01-23,2015-03-20,2015-01-23,8848,Done
289,333,72,2015-01-24,2015-02-15,2015-01-24,1430,Done
290,233,109,2015-01-26,2015-02-01,2015-02-18,8436,Done
291,451,126,2015-01-26,2015-02-10,2015-01-29,246849,Broken
292,125,73,2015-01-27,2015-01-31,2015-03-19,12325,Done
293,366,175,2015-01-28,2015-01-30,2015-02-24,6776,Done
294,160,167,2015-01-29,2015-02-12,2015-08-06,106183,Done
295,445,129,2015-01-30,2015-03-01,2015-03-17,8970,Done
296,214,80,2015-01-31,2015-02-02,2015-02-10,1508,Done
297,398,163,2015-01-31,2015-02-13,2015-03-09,414186,Broken
298,446,87,2015-02-02,2015-02-28,2016-02-14,101426,Done
299,454,133,2015-02-02,2015-04-10,2015-05-03,10336,Done
300,457,118,2015-02-03,2015-02-08,2015-03-04,14861,Done
301,419,66,2015-02-04,2015-02-14,2016-01-31,86103,Done
302,54,101,2015-02-05,2015-02-13,2016-04-01,99760,Done
303,87,176,2015-02-07,2015-02-15,2015-05-03,22227,Done
304,12,111,2015-02-08,2015-02-10,2015-02-08,352,Done
305,265,149,2015-02-11,2015-02-27,2015-06-10,41275,Done
306,196,183,2015-02-11,2015-02-15,2015-03-13,7462,Done
307,390,106,2015-02-13,2015-02-14,2015-11-18,92352,Done
308,259,200,2015-02-15,2015-02-18,2015-09-17,83952,Done
309,154,17,2015-02-15,2015-02-17,2015-05-01,38233,Done
310,311,142,2015-02-16,2015-04-06,2016-12-06,357010,Done
311,284,49,2015-02-17,2015-03-18,2017-06-20,415664,Done
312,114,10,2015-02-19,2015-03-27,2015-04-20,14148,Done
313,426,192,2015-02-24,2015-02-25,2015-03-15,5500,Done
314,108,109,2015-02-28,2015-03-04,2015-04-11,397451,Broken
315,186,98,2015-03-02,2015-03-21,2015-09-07,62422,Done
316,105,80,2015-03-04,2015-03-09,2015-03-04,290,Done
317,168,107,2015-03-05,2015-03-06,2016-01-28,119185,Done
318,8,141,2015-03-07,2015-03-11,2015-11-17,101438,Done
319,276,179,2015-03-11,2015-04-18,2015-04-25,8850,Done
320,446,135,2015-03-12,2015-04-06,2016-01-12,149296,Done
321,258,89,2015-03-13,2015-05-20,2015-04-04,3536,Done
322,159,134,2015-03-13,2015-05-25,2015-05-26,15124,Done
323,410,75,2015-03-15,2015-05-03,2016-10-07,100316,Done
324,387,175,2015-03-16,2015-03-29,2015-07-07,27544,Done
325,229,131,2015-03-18,2015-05-23,2015-09-17,27522,Done
326,419,121,2015-03-18,2015-03-23,2016-03-27,139375,Done
327,180,21,2015-03-19,2015-05-14,2016-07-26,162014,Done
328,370,26,2015-03-19,2015-03-23,2015-04-25,10815,Done
329,472,192,2015-03-21,2015-04-12,2016-01-14,85300,Done
330,288,40,2015-03-22,2015-04-20,2016-03-28,120612,Done
331,158,32,2015-03-22,2015-03-27,2016-01-09,67782,Done
332,488,47,2015-03-23,2015-03-24,2015-06-09,432174,Broken
333,95,156,2015-03-25,2015-03-26,2015-04-03,3100,Done
334,456,160,2015-03-25,2015-05-04,2015-04-27,4520,Done
335,247,191,2015-03-29,2015-03-31,2015-03-29,388,Done
336,256,41,2015-04-01,2015-04-15,2015-09-30,97384,Done
337,131,86,2015-04-03,2015-04-14,2015-04-20,2726,Done
338,226,46,2015-04-03,2015-04-21,2015-04-16,1710,Done
339,300,143,2015-04-06,2015-05-23,2015-11-05,73030,Done
340,450,89,2015-04-07,2015-04-08,2015-05-21,6760,Done
341,63,150,2015-04-08,2015-05-19,2015-05-18,4100,Done
342,452,82,2015-04-09,2015-04-23,2015-05-15,14480,Done
343,353,163,2015-04-10,2015-04-11,2015-07-29,54448,Done
344,163,56,2015-04-10,2015-06-16,2017-11-26,654787,Broken
345,145,73,2015-04-11,2015-05-10,2015-09-10,33830,Done
346,336,8,2015-04-13,2015-04-13,2015-04-13,488827,Broken
347,351,57,2015-04-16,2015-05-23,2015-04-27,5513,Done
348,132,111,2015-04-17,2015-05-10,2017-08-23,445456,Done
349,497,9,2015-04-18,2015-04-26,2015-06-19,9180,Done
350,292,110,2015-04-18,2015-04-27,2015-08-06,138184,Broken
351,278,145,2015-04-18,2015-05-06,2015-04-18,1890,Done
352,22,5,2015-04-23,2015-05-21,2018-01-05,221008,Done
353,327,38,2015-04-25,2015-04-28,2015-05-05,2088,Done
354,442,172,2015-04-25,2015-06-12,2015-06-05,6480,Done
355,407,33,2015-04-30,2015-05-15,2015-06-01,3432,Done
356,381,113,2015-05-02,2015-05-09,2016-02-04,161540,Done
357,243,181,2015-05-05,2015-05-18,2016-04-27,143576,Done
358,352,176,2015-05-05,2015-06-07,2015-10-13,38781,Done
359,459,26,2015-05-07,2015-05-31,2015-05-21,2520,Done
360,438,8,2015-05-07,2015-06-09,2015-05-10,4191,Done
361,108,86,2015-05-08,2015-05-28,2015-05-08,1880,Done
362,402,13,2015-05-09,2015-05-17,2015-05-09,305683,Broken
363,341,109,2015-05-09,2015-05-27,2015-05-24,2664,Done
364,10,3,2015-05-10,2015-05-18,2016-08-16,86688,Done
365,289,63,2015-05-11,2015-06-19,2015-05-11,6240,Done
366,403,112,2015-05-14,2015-05-16,2015-05-17,535,Done
367,261,164,2015-05-14,2015-06-21,2015-06-14,5092,Done
368,108,65,2015-05-16,2015-07-31,2015-06-21,11932,Done
369,65,152,2015-05-16,2015-05-26,2015-11-19,75740,Done
370,78,117,2015-05-18,2015-05-18,2015-05-18,0,Done
371,112,96,2015-05-22,2015-06-27,2015-05-22,2052,Done
372,247,15,2015-05-22,2015-05-29,2015-05-22,226751,Broken
373,30,15,2015-05-23,2015-06-27,2016-02-24,51748,Done
374,472,50,2015-05-24,2015-06-05,2015-08-01,22692,Done
375,208,89,2015-05-25,2015-06-20,2015-05-25,1352,Done
376,151,139,2015-05-26,2015-05-26,2015-06-16,5481,Done
377,226,29,2015-05-26,2015-06-14,2015-05-26,3458,Done
378,25,17,2015-05-29,2015-06-02,2015-05-29,692,Done
379,328,81,2015-05-31,2015-06-16,2016-03-08,82214,Done
380,29,91,2015-05-31,2015-06-03,2015-05-31,576,Done
381,278,117,2015-06-01,2015-06-26,2015-06-14,114333,Broken
382,268,39,2015-06-02,2015-06-08,2015-06-02,1164,Done
383,218,118,2015-06-02,2015-06-17,2015-08-17,38214,Done
384,52,8,2015-06-03,2015-07-03,2015-09-27,36576,Done
385,26,26,2015-06-05,2015-06-21,2015-06-10,1680,Done
386,331,182,2015-06-06,2015-06-13,2015-12-02,329838,Broken
387,172,28,2015-06-08,2015-07-25,2015-09-16,30900,Done
388,496,61,2015-06-09,2015-07-20,2015-08-04,17200,Done
389,453,39,2015-06-09,2015-06-28,2015-11-25,90986,Done
390,435,126,2015-06-12,2015-07-24,2015-06-12,2394,Done
391,92,160,2015-06-12,2015-06-12,2015-06-20,323340,Broken
392,368,6,2015-06-15,2015-06-25,2015-06-15,1550,Done
393,341,68,2015-06-15,2015-06-18,2015-06-15,186,Done
394,92,91,2015-06-20,2015-07-15,2015-06-20,4800,Done
395,436,129,2015-06-20,2015-07-18,2015-07-20,3910,Done
396,90,68,2015-06-20,2015-06-26,2015-08-16,359886,Broken
397,243,91,2015-06-21,2015-06-25,2015-06-23,768,Done
398,137,1,2015-06-21,2015-06-26,2015-06-21,915,Done
399,237,112,2015-06-24,2015-07-08,2015-09-03,19795,Done
400,118,36,2015-06-26,2015-08-08,2016-06-24,69414,Done
401,328,151,2015-06-27,2015-08-15,2015-10-28,49864,Done
402,215,18,2015-07-03,2015-07-19,2015-07-26,6068,Done
403,128,69,2015-07-05,2015-07-05,2016-10-09,95634,Done
404,346,100,2015-07-06,2015-08-02,2015-10-28,322661,Broken
405,353,37,2015-07-06,2015-07-09,2016-01-18,91956,Done
406,377,63,2015-07-07,2015-07-24,2015-08-24,184633,Broken
407,365,72,2015-07-08,2015-07-30,2015-10-18,17030,Done
408,242,65,2015-07-08,2015-08-21,2015-07-11,6908,Done
409,216,117,2015-07-10,2015-07-25,2015-08-22,12771,Done
410,14,77,2015-07-12,2015-07-25,2018-08-16,363636,Done
411,361,65,2015-07-13,2015-07-24,2015-07-13,1727,Done
412,72,130,2015-07-17,2015-07-30,2015-08-18,4970,Done
413,436,7,2015-07-17,2015-07-19,2016-02-26,565031,Broken
414,428,180,2015-07-28,2015-08-09,2016-02-02,36381,Done
415,311,42,2015-07-30,2015-08-02,2016-03-21,239496,Broken
416,495,91,2015-07-30,2015-08-11,2015-08-07,320693,Broken
417,67,104,2015-07-31,2015-09-24,2015-08-08,8690,Done
418,190,183,2015-08-03,2015-08-23,2015-08-17,1820,Done
419,235,153,2015-08-03,2015-08-07,2015-08-03,265605,Broken
420,450,132,2015-08-05,2015-08-17,2015-11-22,55449,Done
421,350,164,2015-08-08,2015-08-22,2015-09-20,501591,Broken
422,180,74,2015-08-09,2015-08-25,2015-08-19,1008,Done
423,43,35,2015-08-12,2015-09-04,2015-08-12,1150,Done
424,479,83,2015-08-12,2015-10-08,2015-08-12,5016,Done
425,273,91,2015-08-13,2015-08-16,2016-10-23,250560,Done
426,274,16,2015-08-15,2015-08-31,2017-09-16,868770,Broken
427,90,68,2015-08-18,2015-09-21,2016-04-14,40424,Done
428,433,190,2015-08-19,2015-08-24,2015-10-08,20160,Done
429,14,125,2015-08-21,2015-10-03,2016-01-19,49912,Done
430,176,104,2015-08-22,2015-09-22,2016-03-06,83582,Done
431,147,55,2015-08-24,2015-09-18,2015-08-24,4025,Done
432,388,30,2015-08-27,2015-10-02,2015-08-27,6984,Done
433,336,183,2015-08-29,2015-11-06,2017-09-15,191646,Done
434,162,139,2015-08-29,2015-09-09,2016-03-16,50286,Done
435,448,46,2015-09-01,2015-09-02,2015-09-09,164461,Broken
436,394,138,2015-09-02,2015-09-04,2016-02-01,28476,Done
437,267,150,2015-09-02,2015-09-29,2015-12-24,28500,Done
438,475,18,2015-09-03,2015-09-22,2016-02-15,74948,Done
439,368,159,2015-09-04,2015-11-10,2016-02-02,38280,Done
440,72,112,2015-09-05,2015-09-12,2015-12-04,27392,Done
441,422,55,2015-09-05,2015-09-13,2017-01-20,240373,Done
442,287,93,2015-09-05,2015-09-08,2015-12-07,53781,Done
443,427,194,2015-09-06,2015-11-02,2015-09-23,4161,Done
444,10,58,2015-09-08,2015-09-17,2016-03-28,528657,Broken
445,383,57,2015-09-08,2015-10-29,2016-06-06,523727,Broken
446,155,149,2015-09-08,2015-09-26,2016-01-09,42291,Done
447,243,160,2015-09-08,2015-10-11,2016-03-29,61359,Done
448,234,197,2015-09-11,2015-09-14,2015-09-20,256737,Broken
449,95,54,2015-09-13,2015-09-23,2015-11-06,26696,Done
450,152,124,2015-09-13,2015-10-04,2016-02-14,73920,Done
451,278,33,2015-09-16,2015-09-27,2016-02-01,20384,Done
452,424,46,2015-09-17,2015-11-09,2016-03-09,39520,Done
453,434,193,2015-09-17,2015-10-03,2015-09-17,1440,Done
454,266,193,2015-09-17,2015-10-21,2017-01-02,121590,Done
455,271,186,2015-09-19,2015-10-09,2017-04-09,83200,Done
456,336,128,2015-09-19,2015-10-26,2015-10-12,6105,Done
457,469,28,2015-09-19,2015-10-01,2016-02-27,68850,Done
458,253,103,2015-09-20,2015-10-17,2016-01-12,57024,Done
459,476,73,2015-09-21,2015-09-30,2016-09-10,88995,Done
460,284,165,2015-09-21,2015-10-21,2015-12-15,36855,Done
461,320,129,2015-09-24,2015-11-14,2016-05-09,66930,Done
462,350,31,2015-09-25,2015-10-03,2015-10-03,1376,Done
463,413,80,2015-09-26,2015-10-14,2015-11-04,210410,Broken
464,152,156,2015-09-26,2015-11-24,2015-12-14,14756,Done
465,249,25,2015-09-27,2015-09-29,2016-06-26,61940,Done
466,367,97,2015-09-30,2015-10-02,2017-03-04,138751,Done
467,20,118,2015-10-01,2015-10-04,2016-11-13,235653,Done
468,254,178,2015-10-03,2015-10-22,2017-10-24,394804,Done
469,417,164,2015-10-03,2015-11-17,2015-10-03,6030,Done
470,115,126,2015-10-04,2015-10-19,2015-12-08,9405,Done
471,146,53,2015-10-04,2015-10-14,2015-10-04,1920,Done
472,132,44,2015-10-05,2015-10-10,2015-12-04,436427,Broken
473,330,2,2015-10-06,2015-10-24,2016-10-04,105600,Done
474,304,194,2015-10-07,2015-10-20,2016-09-11,72562,Done
475,255,130,2015-10-07,2015-10-11,2015-10-07,284,Done
476,305,50,2015-10-08,2015-10-18,2017-09-26,264988,Done
477,206,61,2015-10-10,2015-11-09,2016-01-24,51600,Done
478,122,88,2015-10-10,2015-11-19,2016-10-02,302474,Broken
479,228,190,2015-10-11,2015-11-01,2015-12-06,18144,Done
480,22,146,2015-10-12,2015-12-20,2016-01-26,14940,Done
481,199,26,2015-10-14,2015-11-26,2015-10-23,4515,Done
482,497,105,2015-10-16,2015-10-16,2015-10-16,0,Done
483,345,197,2015-10-17,2015-11-06,2015-11-28,11954,Done
484,282,35,2015-10-17,2015-10-31,2016-08-26,45700,Done
485,323,60,2015-10-22,2015-11-07,2015-12-28,11492,Done
486,439,52,2015-10-27,2015-12-12,2016-01-30,284509,Broken
487,211,131,2015-10-27,2015-11-25,2015-10-27,1914,Done
488,297,163,2015-10-29,2015-11-09,2016-04-06,76028,Done
489,458,94,2015-10-30,2015-11-12,2015-11-18,3999,Done
490,391,51,2015-10-31,2015-11-17,2015-11-29,2650,Done
491,300,191,2015-10-31,2015-11-24,2016-07-16,141426,Done
492,158,137,2015-11-03,2015-11-21,2015-11-03,1296,Done
493,120,172,2015-11-03,2015-11-07,2016-02-07,37800,Done
494,265,145,2015-11-10,2015-11-20,2015-11-10,1050,Done
495,404,119,2015-11-11,2015-11-11,2016-04-18,55809,Done
496,209,128,2015-11-11,2015-12-10,2015-11-17,4785,Done
497,347,145,2015-11-12,2015-11-13,2016-01-18,20895,Done
498,194,20,2015-11-12,2015-11-20,2017-01-23,142780,Done
499,273,64,2015-11-14,2015-11-16,2016-06-13,64464,Done
500,104,8,2015-11-14,2016-01-10,2015-12-11,7239,Done
501,475,167,2015-11-14,2015-12-02,2015-11-14,3546,Done
502,259,31,2015-11-19,2015-11-21,2016-02-15,241511,Broken
503,467,110,2015-11-20,2015-12-13,2017-05-21,188564,Done
504,448,67,2015-11-21,2015-12-17,2016-08-03,534401,Broken
505,289,26,2015-11-22,2015-12-11,2016-12-08,116340,Done
506,404,116,2015-11-26,2015-12-03,2015-12-07,439259,Broken
507,341,133,2015-11-26,2015-12-16,2016-01-18,9044,Done
508,46,117,2015-11-27,2015-12-23,2016-06-16,71466,Done
509,359,175,2015-11-29,2015-12-25,2016-09-22,74096,Done
510,101,170,2015-11-30,2015-12-12,2015-11-30,912,Done
511,152,136,2015-12-01,2015-12-21,2015-12-01,1900,Done
512,425,94,2015-12-01,2015-12-01,2016-08-21,102168,Done
513,86,162,2015-12-08,2015-12-16,2016-04-02,61088,Done
514,56,198,2015-12-08,2015-12-13,2015-12-22,2976,Done
515,454,63,2015-12-14,2015-12-21,2015-12-14,1120,Done
516,397,10,2015-12-14,2016-01-07,2016-05-08,51090,Done
517,279,79,2015-12-14,2015-12-27,2016-09-19,248836,Broken
518,175,84,2015-12-16,2015-12-26,2016-12-30,220640,Done
519,310,51,2015-12-21,2016-01-12,2016-04-06,13850,Done
520,165,102,2015-12-21,2016-01-05,2016-06-16,62496,Done
521,471,82,2015-12-21,2015-12-27,2017-05-19,277473,Done
522,32,41,2015-12-23,2016-01-17,2016-01-24,8648,Done
523,176,39,2015-12-23,2016-02-01,2016-06-07,514985,Broken
524,141,198,2015-12-25,2016-01-13,2016-05-17,36642,Done
525,44,112,2015-12-27,2016-02-10,2015-12-28,4815,Done
526,192,93,2015-12-27,2016-01-04,2015-12-30,1576,Done
527,355,112,2015-12-29,2015-12-31,2016-01-03,1177,Done
528,369,200,2015-12-29,2015-12-31,2016-08-18,91740,Done
529,447,141,2015-12-29,2016-03-13,2015-12-29,10050,Done
530,174,105,2016-01-03,2016-01-04,2016-12-27,115025,Done
531,37,89,2016-01-05,2016-01-14,2016-03-30,12324,Done
532,176,93,2016-01-06,2016-01-13,2016-01-06,1379,Done
533,484,199,2016-01-08,2016-01-10,2016-09-03,84134,Done
534,402,112,2016-01-08,2016-02-12,2017-03-13,130540,Done
535,295,156,2016-01-10,2016-01-11,2016-05-04,42532,Done
536,435,32,2016-01-10,2016-02-08,2016-02-02,2262,Done
537,262,109,2016-01-13,2016-02-09,2016-01-19,3996,Done
538,186,182,2016-01-13,2016-01-21,2016-01-21,904,Done
539,497,47,2016-01-14,2016-02-08,2016-03-12,20956,Done
540,79,176,2016-01-15,2016-02-08,2018-05-02,229338,Done
541,486,44,2016-01-16,2016-03-16,2016-01-26,6300,Done
542,226,190,2016-01-17,2016-02-28,2016-01-17,6048,Done
543,404,116,2016-01-20,2016-02-15,2016-09-14,38396,Done
544,18,157,2016-01-26,2016-03-27,2017-02-05,277038,Broken
545,67,37,2016-01-27,2016-02-24,2016-08-18,87848,Done
546,173,70,2016-01-29,2016-03-21,2016-01-29,3692,Done
547,354,146,2016-01-30,2016-03-14,2016-01-30,268966,Broken
548,454,135,2016-01-30,2016-02-06,2016-03-04,15136,Done
549,103,103,2016-02-01,2016-02-13,2016-02-09,2376,Done
550,405,140,2016-02-02,2016-03-13,2016-02-26,4360,Done
551,176,59,2016-02-02,2016-02-20,2016-02-10,3204,Done
552,16,63,2016-02-05,2016-02-17,2016-08-05,250553,Broken
553,152,192,2016-02-09,2016-02-27,2016-02-15,335718,Broken
554,224,167,2016-02-10,2016-02-23,2016-07-06,81755,Done
555,236,83,2016-02-10,2016-02-19,2016-07-10,38280,Done
556,454,132,2016-02-10,2016-03-31,2016-06-06,45933,Done
557,99,59,2016-02-11,2016-03-11,2016-02-19,5162,Done
558,275,151,2016-02-11,2016-04-15,2016-04-28,18952,Done
559,258,44,2016-02-13,2016-03-02,2016-03-19,425822,Broken
560,276,32,2016-02-14,2016-04-08,2016-02-28,4212,Done
561,355,38,2016-02-15,2016-03-17,2016-03-01,2697,Done
562,218,23,2016-02-16,2016-02-24,2016-02-16,383743,Broken
563,338,150,2016-02-16,2016-02-29,2016-06-23,35800,Done
564,417,184,2016-02-18,2016-03-21,2016-02-18,4288,Done
565,377,126,2016-02-19,2016-04-19,2016-02-19,3420,Done
566,51,170,2016-02-20,2016-02-23,2016-07-16,33060,Done
567,457,138,2016-02-20,2016-02-26,2016-08-13,32319,Done
568,142,22,2016-02-22,2016-04-12,2016-02-22,8350,Done
569,249,173,2016-02-24,2016-03-03,2016-10-24,48484,Done
570,39,154,2016-02-24,2016-02-26,2016-03-11,7612,Done
571,393,31,2016-02-24,2016-03-02,2016-08-17,87892,Done
572,410,18,2016-02-26,2016-03-01,2016-03-05,2624,Done
573,85,159,2016-02-26,2016-03-05,2016-04-09,13560,Done
574,132,149,2016-02-27,2016-03-09,2016-06-21,41021,Done
575,230,33,2016-02-28,2016-03-19,2016-03-31,2912,Done
576,227,171,2016-03-01,2016-03-04,2016-03-01,513,Done
577,45,59,2016-03-03,2016-03-08,2016-07-15,69776,Done
578,426,182,2016-03-03,2016-03-03,2016-11-07,84411,Done
579,360,146,2016-03-05,2016-03-15,2016-03-12,830,Done
580,388,28,2016-03-06,2016-04-06,2017-06-25,204900,Done
581,104,80,2016-03-06,2016-04-15,2017-02-01,53128,Done
582,176,85,2016-03-06,2016-03-14,2017-07-13,108484,Done
583,46,107,2016-03-07,2016-04-05,2016-03-10,3509,Done
584,96,153,2016-03-09,2016-03-30,2016-03-09,3549,Done
585,30,168,2016-03-10,2016-03-31,2016-06-09,24717,Done
586,5,128,2016-03-11,2016-03-16,2016-04-10,13200,Done
587,311,166,2016-03-12,2016-03-14,2016-03-24,2112,Done
588,293,153,2016-03-14,2016-03-16,2016-05-18,297208,Broken
589,323,19,2016-03-15,2016-03-22,2017-04-02,130525,Done
590,28,146,2016-03-16,2016-03-22,2016-03-16,265812,Broken
591,288,4,2016-03-16,2016-03-19,2016-06-30,452971,Broken
592,174,154,2016-03-18,2016-04-10,2016-08-02,63145,Done
593,231,41,2016-03-19,2016-05-19,2017-08-17,268088,Done
594,11,8,2016-03-19,2016-04-27,2016-03-30,4953,Done
595,148,107,2016-03-21,2016-04-11,2017-02-24,118338,Done
596,237,46,2016-03-21,2016-04-15,2016-06-14,19475,Done
597,106,120,2016-03-23,2016-05-07,2016-03-23,2430,Done
598,88,44,2016-03-24,2016-03-28,2016-05-13,14910,Done
599,460,60,2016-03-25,2016-04-05,2016-07-09,20128,Done
600,207,115,2016-03-27,2016-03-29,2016-04-29,7695,Done
601,232,6,2016-03-27,2016-04-07,2016-11-19,272471,Broken
602,282,130,2016-03-30,2016-04-04,2016-06-15,15691,Done
603,389,87,2016-04-03,2016-04-07,2016-04-12,1786,Done
604,368,103,2016-04-03,2016-04-19,2016-04-03,3168,Done
605,230,47,2016-04-03,2016-04-23,2016-05-02,7943,Done
606,412,121,2016-04-04,2016-04-24,2016-07-03,28750,Done
607,141,192,2016-04-05,2016-05-06,2016-12-23,72400,Done
608,193,15,2016-04-07,2016-05-19,2016-04-07,2856,Done
609,201,195,2016-04-07,2016-04-26,2016-04-17,2584,Done
610,199,164,2016-04-08,2016-04-14,2016-04-08,804,Done
611,111,8,2016-04-08,2016-05-21,2016-08-31,44323,Done
612,6,184,2016-04-11,2016-05-06,2016-05-13,6164,Done
613,58,7,2016-04-11,2016-04-15,2016-09-03,69601,Done
614,357,160,2016-04-12,2016-04-22,2016-05-31,14351,Done
615,32,120,2016-04-13,2016-05-08,2016-04-15,1350,Done
616,144,58,2016-04-14,2016-04-17,2016-04-19,1728,Done
617,106,81,2016-04-16,2016-05-19,2016-09-27,303669,Broken
618,385,180,2016-04-16,2016-05-26,2016-11-24,289463,Broken
619,464,126,2016-04-17,2016-05-12,2017-03-02,51699,Done
620,53,62,2016-04-18,2016-05-21,2016-07-17,26520,Done
621,243,172,2016-04-21,2016-06-07,2016-04-21,324437,Broken
622,255,162,2016-04-21,2016-04-25,2016-07-31,54280,Done
623,464,124,2016-04-25,2016-05-19,2016-08-09,47520,Done
624,292,108,2016-04-26,2016-05-13,2016-10-20,539130,Broken
625,361,159,2016-04-27,2016-06-08,2016-05-09,5040,Done
626,9,30,2016-04-30,2016-05-21,2016-09-11,69840,Done
627,155,53,2016-05-01,2016-05-10,2016-07-24,509719,Broken
628,426,1,2016-05-02,2016-05-12,2016-05-05,1830,Done
629,111,52,2016-05-02,2016-05-31,2016-05-03,4350,Done
630,108,140,2016-05-03,2016-07-02,2016-05-03,6540,Done
631,413,120,2016-05-05,2016-05-21,2016-05-05,864,Done
632,108,32,2016-05-06,2016-05-26,2016-07-05,10920,Done
633,394,109,2016-05-07,2016-06-26,2016-05-07,7400,Done
634,399,106,2016-05-08,2016-05-19,2016-05-08,1221,Done
635,473,114,2016-05-09,2016-05-20,2016-05-09,1738,Done
636,143,70,2016-05-10,2016-06-02,2016-05-26,1633,Done
637,268,136,2016-05-11,2016-06-10,2016-07-19,13965,Done
638,229,58,2016-05-11,2016-06-26,2016-05-31,8832,Done
639,32,29,2016-05-12,2016-06-09,2017-06-14,207116,Done
640,87,165,2016-05-16,2016-05-18,2016-06-26,22491,Done
641,117,33,2016-05-17,2016-05-29,2018-02-23,99684,Done
642,80,51,2016-05-17,2016-07-03,2018-07-02,243823,Broken
643,231,52,2016-05-20,2016-07-03,2017-11-05,227100,Done
644,318,47,2016-05-24,2016-07-25,2016-06-06,403444,Broken
645,29,153,2016-05-24,2016-05-30,2016-05-24,1014,Done
646,151,61,2016-05-25,2016-07-26,2017-05-29,196600,Done
647,362,164,2016-05-26,2016-06-26,2016-05-26,4154,Done
648,418,1,2016-05-27,2016-06-03,2016-06-10,5124,Done
649,393,58,2016-06-03,2016-06-09,2016-07-05,16128,Done
650,411,98,2016-06-04,2016-06-05,2016-08-01,20296,Done
651,300,101,2016-06-06,2016-07-19,2016-06-06,192361,Broken
652,280,101,2016-06-16,2016-06-28,2017-05-15,78000,Done
653,171,47,2016-06-16,2016-06-17,2016-08-09,27040,Done
654,295,120,2016-06-18,2016-07-05,2016-10-13,17118,Done
655,335,166,2016-06-18,2016-07-14,2016-06-30,1716,Done
656,49,125,2016-06-20,2016-07-03,2017-12-06,214336,Done
657,248,181,2016-06-24,2016-06-25,2016-07-27,13289,Done
658,276,18,2016-06-28,2016-06-29,2016-06-28,126527,Broken
659,375,133,2016-06-29,2016-07-18,2017-06-02,556672,Broken
660,406,160,2016-06-29,2016-08-16,2016-11-18,37290,Done
661,471,42,2016-07-08,2016-08-06,2016-12-18,37928,Done
662,395,46,2016-07-09,2016-07-30,2016-12-29,207686,Broken
663,422,24,2016-07-10,2016-08-15,2016-07-10,3564,Done
664,353,1,2016-07-11,2016-07-26,2016-11-12,62586,Done
665,147,9,2016-07-13,2016-08-18,2016-08-05,362529,Broken
666,331,172,2016-07-13,2016-07-19,2017-02-13,85455,Done
667,233,58,2016-07-14,2016-07-28,2017-08-31,232512,Done
668,438,36,2016-07-16,2016-08-03,2016-11-05,20700,Done
669,493,131,2016-07-17,2016-08-20,2016-08-04,2244,Done
670,201,40,2016-07-22,2016-08-30,2016-08-06,121028,Broken
671,232,57,2016-07-22,2016-09-06,2016-08-06,424195,Broken
672,68,161,2016-07-24,2016-08-22,2016-10-13,298043,Broken
673,300,167,2016-07-24,2016-09-14,2016-08-10,10244,Done
674,8,189,2016-07-25,2016-07-31,2016-07-25,420,Done
675,408,135,2016-07-28,2016-09-16,2016-10-13,22532,Done
676,280,96,2016-07-28,2016-08-24,2016-08-06,1539,Done
677,28,66,2016-08-08,2016-08-24,2016-08-08,193298,Broken
678,389,76,2016-08-09,2016-08-19,2016-08-09,125519,Broken
679,264,70,2016-08-09,2016-08-31,2017-01-06,28826,Done
680,368,121,2016-08-14,2016-09-21,2016-08-17,4750,Done
681,288,99,2016-08-14,2016-09-06,2017-10-03,608704,Broken
682,410,96,2016-08-15,2016-08-19,2016-08-20,399,Done
683,83,48,2016-08-17,2016-10-12,2016-08-17,10360,Done
684,32,74,2016-08-18,2016-09-01,2017-05-08,172051,Broken
685,353,114,2016-08-18,2016-08-21,2017-04-19,114708,Done
686,45,187,2016-08-20,2016-10-24,2016-11-07,14017,Done
687,109,40,2016-08-20,2016-10-03,2018-01-08,279602,Broken
688,317,197,2016-08-21,2016-08-24,2017-05-05,106335,Done
689,241,131,2016-08-21,2016-08-22,2017-02-02,338678,Broken
690,274,181,2016-08-21,2016-09-24,2016-09-19,4658,Done
691,206,121,2016-08-22,2016-08-23,2016-08-29,2375,Done
692,488,68,2016-08-24,2016-08-25,2016-08-30,992,Done
693,34,47,2016-08-24,2016-11-10,2017-01-08,436061,Broken
694,323,96,2016-08-25,2016-09-10,2016-08-25,130713,Broken
695,144,168,2016-08-26,2016-09-06,2018-05-30,678458,Broken
696,293,159,2016-08-28,2016-09-02,2017-10-31,153240,Done
697,123,153,2016-08-29,2016-09-03,2016-10-13,21125,Done
698,103,38,2016-08-30,2016-09-16,2016-09-18,2001,Done
699,212,63,2016-09-02,2016-10-14,2017-08-04,314873,Broken
700,360,3,2016-09-04,2016-09-19,2016-09-10,945,Done
701,307,127,2016-09-08,2016-09-28,2016-10-23,17765,Done
702,232,166,2016-09-08,2016-10-09,2017-05-03,466538,Broken
703,191,94,2016-09-10,2016-09-16,2016-09-10,774,Done
704,208,9,2016-09-14,2016-09-14,2017-11-19,69822,Done
705,306,167,2016-09-15,2016-10-13,2017-12-14,257873,Done
706,354,62,2016-09-19,2016-09-21,2017-03-31,74750,Done
707,99,143,2016-09-22,2016-10-06,2016-09-22,1876,Done
708,482,8,2016-09-23,2016-10-29,2016-09-23,4572,Done
709,345,38,2016-09-24,2016-10-23,2016-10-21,2523,Done
710,183,191,2016-09-26,2016-11-02,2016-10-15,7178,Done
711,69,129,2016-09-26,2016-10-13,2018-01-01,155480,Done
712,62,92,2016-09-27,2016-10-09,2016-12-21,18018,Done
713,407,4,2016-10-02,2016-10-15,2016-10-27,7840,Done
714,312,43,2016-10-03,2016-10-09,2016-10-03,882,Done
715,314,154,2016-10-05,2016-10-29,2016-10-26,4152,Done
716,287,7,2016-10-10,2016-10-25,2016-10-28,460059,Broken
717,143,145,2016-10-10,2016-10-12,2016-11-29,426441,Broken
718,216,121,2016-10-10,2016-11-21,2016-10-10,5250,Done
719,69,10,2016-10-12,2016-11-27,2017-06-26,88949,Done
720,46,164,2016-10-12,2016-11-21,2016-11-02,5360,Done
721,386,194,2016-10-15,2016-10-15,2016-10-15,0,Done
722,495,153,2016-10-16,2016-11-04,2017-08-01,140101,Done
723,29,194,2016-10-16,2016-11-12,2016-10-27,1971,Done
724,357,163,2016-10-16,2016-10-31,2016-10-27,2490,Done
725,204,39,2016-10-16,2016-11-25,2016-10-19,7760,Done
726,159,104,2016-10-17,2016-10-17,2016-11-13,474593,Broken
727,221,181,2016-10-18,2016-11-15,2016-12-01,10412,Done
728,41,69,2016-10-20,2016-11-09,2017-06-24,48369,Done
729,29,98,2016-10-21,2016-12-02,2016-10-21,141142,Broken
730,128,130,2016-10-22,2016-10-23,2017-07-13,330446,Broken
731,17,30,2016-10-22,2016-10-25,2016-12-20,33174,Done
732,240,127,2016-10-24,2016-10-28,2016-12-16,28237,Done
733,417,34,2016-10-26,2016-10-27,2016-12-01,17066,Done
734,112,139,2016-10-27,2016-11-07,2016-10-30,272887,Broken
735,465,162,2016-10-27,2016-12-16,2016-10-27,9200,Done
736,436,191,2016-10-28,2016-12-17,2017-06-14,113878,Done
737,323,67,2016-10-28,2016-11-09,2016-11-24,5472,Done
738,119,170,2016-10-29,2016-12-14,2016-12-16,3952,Done
739,181,87,2016-10-29,2016-11-06,2017-08-10,78866,Done
740,101,7,2016-10-29,2016-11-02,2016-11-24,467557,Broken
741,140,31,2016-10-31,2016-11-04,2016-11-30,14104,Done
742,29,79,2016-10-31,2016-11-07,2017-06-29,126202,Done
743,487,194,2016-11-03,2016-11-15,2017-05-06,38544,Done
744,254,89,2016-11-06,2016-12-20,2017-02-18,11648,Done
745,80,108,2016-11-07,2017-01-02,2018-05-12,197248,Done
746,318,139,2016-11-07,2016-11-07,2017-01-28,21402,Done
747,304,23,2016-11-07,2016-12-14,2017-01-30,394113,Broken
748,103,8,2016-11-15,2016-11-19,2016-11-20,489716,Broken
749,307,38,2016-11-15,2016-11-23,2016-11-15,696,Done
750,451,66,2016-11-17,2016-12-14,2016-12-23,4374,Done
751,344,71,2016-11-18,2016-11-29,2017-07-17,100944,Done
752,16,132,2016-11-19,2016-11-26,2016-11-19,1281,Done
753,76,118,2016-11-21,2016-12-14,2016-11-22,4439,Done
754,433,39,2016-11-22,2016-11-26,2016-12-13,10670,Done
755,488,161,2016-11-23,2016-12-07,2017-02-19,45312,Done
756,474,164,2016-11-23,2016-12-12,2017-09-15,113900,Done
757,431,68,2016-11-23,2016-12-24,2016-11-23,1922,Done
758,450,118,2016-11-24,2016-11-24,2016-11-24,0,Done
759,309,154,2016-11-25,2016-11-27,2018-10-25,362089,Done
760,421,22,2016-11-25,2017-01-31,2016-12-22,11189,Done
761,320,32,2016-11-26,2016-12-09,2016-11-26,1014,Done
762,7,180,2016-11-27,2017-01-06,2017-05-11,27805,Done
763,41,7,2016-11-28,2016-12-02,2017-02-06,32926,Done
764,333,43,2016-11-29,2017-01-06,2017-01-10,112044,Broken
765,97,190,2016-12-03,2016-12-03,2017-04-06,53568,Done
766,396,72,2016-12-05,2016-12-11,2017-04-28,27300,Done
767,454,68,2016-12-06,2016-12-20,2017-07-11,38626,Done
768,280,141,2016-12-07,2017-02-03,2016-12-10,7772,Done
769,247,24,2016-12-08,2017-02-08,2017-06-20,349876,Broken
770,473,116,2016-12-12,2017-01-07,2017-01-15,2900,Done
771,90,177,2016-12-12,2016-12-25,2018-03-10,162626,Done
772,207,100,2016-12-13,2016-12-18,2017-03-17,49776,Done
773,175,160,2016-12-14,2016-12-27,2017-01-02,3503,Done
774,300,119,2016-12-16,2017-01-08,2017-01-07,2691,Done
775,156,25,2016-12-17,2017-01-11,2017-05-01,26980,Done
776,345,31,2016-12-19,2016-12-29,2016-12-25,1720,Done
777,215,88,2016-12-19,2016-12-26,2016-12-19,777,Done
778,418,44,2016-12-20,2017-01-14,2017-01-01,2625,Done
779,257,128,2016-12-21,2016-12-31,2016-12-25,1650,Done
780,64,196,2016-12-22,2017-02-17,2017-02-17,5928,Done
781,166,31,2016-12-26,2017-01-07,2017-10-21,150156,Done
782,27,64,2016-12-27,2017-01-10,2016-12-27,227689,Broken
783,131,187,2016-12-28,2017-01-02,2021-07-15,651070,Done
784,370,13,2016-12-29,2017-01-29,2018-01-09,440049,Broken
785,321,162,2016-12-30,2017-01-22,2019-02-09,417128,Done
786,407,39,2016-12-30,2017-01-04,2016-12-30,970,Done
787,370,151,2016-12-30,2017-01-08,2017-06-02,397687,Broken
788,100,45,2017-01-02,2017-01-09,2017-01-31,226178,Broken
789,468,98,2017-01-03,2017-01-05,2017-01-09,137838,Broken
790,299,163,2017-01-06,2017-01-12,2017-05-09,59262,Done
791,116,135,2017-01-06,2017-01-18,2021-04-18,802380,Done
792,470,119,2017-01-09,2017-01-19,2017-09-13,84357,Done
793,235,104,2017-01-09,2017-01-20,2017-03-12,25912,Done
794,485,128,2017-01-09,2017-01-09,2017-05-17,63360,Done
795,166,127,2017-01-10,2017-02-08,2017-06-13,75548,Done
796,453,105,2017-01-12,2017-03-02,2017-04-12,18404,Done
797,438,198,2017-01-14,2017-01-15,2017-04-04,22134,Done
798,496,92,2017-01-14,2017-01-20,2017-01-14,308766,Broken
799,186,43,2017-01-15,2017-02-09,2017-03-01,12495,Done
800,495,4,2017-01-16,2017-01-16,2017-11-17,146400,Done
801,404,140,2017-01-18,2017-02-02,2017-08-09,63111,Done
802,188,115,2017-01-19,2017-01-24,2017-02-19,378072,Broken
803,309,185,2017-01-23,2017-01-31,2017-03-11,21625,Done
804,474,175,2017-01-23,2017-03-20,2017-04-05,9152,Done
805,106,88,2017-02-01,2017-02-16,2017-06-28,45621,Done
806,201,86,2017-02-01,2017-02-02,2017-10-25,74824,Done
807,426,64,2017-02-04,2017-03-25,2017-09-11,57018,Done
808,211,155,2017-02-04,2017-02-23,2018-03-31,156416,Done
809,255,2,2017-02-04,2017-02-20,2017-03-10,7000,Done
810,69,27,2017-02-05,2017-03-10,2017-02-10,5379,Done
811,50,156,2017-02-07,2017-03-14,2017-05-24,30752,Done
812,324,98,2017-02-09,2017-02-21,2017-05-31,36462,Done
813,417,11,2017-02-11,2017-02-23,2017-03-10,6270,Done
814,89,181,2017-02-14,2017-03-08,2017-04-04,14111,Done
815,276,152,2017-02-17,2017-02-28,2017-02-17,1540,Done
816,469,143,2017-02-17,2017-02-26,2017-04-26,24924,Done
817,2,44,2017-02-17,2017-03-18,2017-06-06,28245,Done
818,461,152,2017-02-17,2017-03-02,2017-08-03,66500,Done
819,411,137,2017-02-18,2017-03-09,2017-04-28,12168,Done
820,135,83,2017-02-20,2017-03-02,2017-03-04,1408,Done
821,410,76,2017-02-22,2017-02-23,2017-05-19,139787,Broken
822,183,27,2017-02-25,2017-05-08,2017-04-06,11736,Done
823,440,113,2017-02-27,2017-03-10,2017-02-27,2167,Done
824,31,150,2017-02-28,2017-03-14,2017-02-28,1400,Done
825,469,95,2017-03-01,2017-03-10,2017-04-24,7488,Done
826,65,102,2017-03-06,2017-03-12,2017-03-08,744,Done
827,258,149,2017-03-08,2017-04-17,2017-03-08,5080,Done
828,374,195,2017-03-10,2017-04-10,2017-04-16,6664,Done
829,331,200,2017-03-10,2017-04-08,2017-06-23,33924,Done
830,323,150,2017-03-11,2017-04-17,2017-05-29,16300,Done
831,151,96,2017-03-11,2017-03-18,2017-05-31,13053,Done
832,411,97,2017-03-12,2017-03-17,2017-08-05,38092,Done
833,499,11,2017-03-15,2017-04-08,2018-02-28,555728,Broken
834,306,53,2017-03-16,2017-03-31,2017-04-04,5184,Done
835,128,102,2017-03-16,2017-04-04,2017-03-19,2356,Done
836,324,2,2017-03-18,2017-03-23,2019-07-22,695302,Broken
837,39,132,2017-03-20,2017-03-27,2017-07-06,56730,Done
838,262,165,2017-03-20,2017-04-05,2017-03-20,3024,Done
839,430,43,2017-03-23,2017-04-15,2017-11-30,104370,Done
840,384,165,2017-03-26,2017-04-08,2017-03-26,2457,Done
841,230,46,2017-03-29,2017-04-02,2018-04-26,111245,Done
842,63,1,2017-03-30,2017-05-11,2017-12-24,132309,Done
843,98,32,2017-03-31,2017-04-08,2017-03-31,329888,Broken
844,121,117,2017-04-01,2017-05-21,2017-08-07,147744,Broken
845,52,102,2017-04-05,2017-04-28,2017-04-05,2852,Done
846,208,38,2017-04-08,2017-04-09,2020-06-15,303630,Done
847,345,30,2017-04-09,2017-05-21,2017-09-15,76242,Done
848,203,157,2017-04-11,2017-05-04,2017-04-20,2691,Done
849,463,123,2017-04-12,2017-04-29,2017-04-12,1683,Done
850,310,115,2017-04-14,2017-06-22,2018-11-20,130977,Done
851,345,21,2017-04-14,2017-06-05,2017-09-08,39766,Done
852,285,78,2017-04-18,2017-05-19,2017-08-03,37037,Done
853,221,23,2017-04-19,2017-04-25,2017-10-30,34770,Done
854,143,7,2017-04-20,2017-04-29,2017-12-15,113937,Done
855,415,157,2017-04-21,2017-05-01,2017-10-13,59085,Done
856,369,198,2017-04-21,2017-05-04,2017-07-05,18507,Done
857,22,106,2017-04-22,2017-05-12,2017-06-28,17871,Done
858,439,57,2017-04-24,2017-05-04,2017-05-01,1490,Done
859,371,124,2017-04-26,2017-05-08,2017-04-26,2112,Done
860,113,105,2017-04-30,2017-06-17,2017-06-15,5136,Done
861,344,32,2017-05-07,2017-05-17,2017-05-07,780,Done
862,464,75,2017-05-10,2017-06-02,2017-10-31,29512,Done
863,371,19,2017-05-13,2017-06-21,2017-05-13,4485,Done
864,161,35,2017-05-16,2017-06-30,2017-10-25,19800,Done
865,272,118,2017-05-25,2017-07-07,2018-01-02,111940,Done
866,73,57,2017-05-26,2017-05-30,2017-05-26,596,Done
867,452,197,2017-05-26,2017-06-24,2017-05-26,257849,Broken
868,404,59,2017-05-29,2017-06-11,2017-10-23,73870,Done
869,57,74,2017-05-31,2017-06-14,2017-08-16,12789,Done
870,253,124,2017-06-01,2017-06-20,2018-02-10,127424,Done
871,490,25,2017-06-02,2017-06-18,2017-07-21,8740,Done
872,481,96,2017-06-02,2017-06-21,2017-06-02,1083,Done
873,294,62,2017-06-04,2017-06-22,2018-05-04,125580,Done
874,46,113,2017-06-07,2017-07-21,2017-06-20,8668,Done
875,311,181,2017-06-10,2017-08-14,2017-06-10,8905,Done
876,399,151,2017-06-10,2017-06-28,2017-08-12,28152,Done
877,387,110,2017-06-11,2017-06-24,2017-07-19,10384,Done
878,459,96,2017-06-13,2017-07-26,2017-06-18,2451,Done
879,335,190,2017-06-13,2017-06-15,2017-06-13,430813,Broken
880,126,145,2017-06-15,2017-06-26,2017-07-05,3990,Done
881,367,84,2017-06-16,2017-06-25,2018-02-14,140067,Done
882,422,128,2017-06-17,2017-07-23,2017-11-17,192662,Broken
883,391,150,2017-06-17,2017-06-20,2017-06-17,300,Done
884,58,148,2017-06-18,2017-06-23,2017-06-18,550,Done
885,190,89,2017-06-20,2017-06-29,2017-08-17,8112,Done
886,101,101,2017-06-21,2017-08-27,2017-08-11,5360,Done
887,90,39,2017-06-25,2017-08-14,2017-12-06,76048,Done
888,53,103,2017-06-27,2017-06-28,2018-11-15,300168,Done
889,33,143,2017-06-28,2017-07-06,2017-08-06,13534,Done
890,175,109,2017-06-30,2017-07-28,2017-10-08,36112,Done
891,280,200,2017-07-01,2017-07-04,2017-10-30,47124,Done
892,169,29,2017-07-02,2017-07-08,2017-07-13,3822,Done
893,184,174,2017-07-04,2017-07-14,2017-11-05,50336,Done
894,333,198,2017-07-07,2017-07-31,2017-08-15,6417,Done
895,178,98,2017-07-11,2017-07-13,2018-10-02,158120,Done
896,448,55,2017-07-11,2017-07-17,2017-08-04,9660,Done
897,497,83,2017-07-11,2017-07-28,2017-11-27,252014,Broken
898,398,191,2017-07-12,2017-07-15,2018-07-02,205446,Done
899,335,61,2017-07-13,2017-07-29,2017-07-27,3200,Done
900,27,104,2017-07-13,2017-07-18,2017-09-11,26860,Done
901,270,47,2017-07-13,2017-08-08,2018-03-17,116441,Done
902,115,107,2017-07-15,2017-07-22,2017-07-15,847,Done
903,189,106,2017-07-15,2017-09-20,2018-05-10,84693,Done
904,162,27,2017-07-16,2017-07-17,2017-07-16,221239,Broken
905,488,171,2017-07-16,2017-09-20,2017-07-21,11286,Done
906,142,113,2017-07-16,2017-07-16,2017-07-16,0,Done
907,23,127,2017-07-21,2017-07-24,2017-10-23,454655,Broken
908,79,126,2017-07-22,2017-08-04,2017-12-27,25536,Done
909,38,195,2017-07-26,2017-08-14,2018-02-08,75208,Done
910,51,25,2017-07-27,2017-08-08,2018-09-24,262902,Broken
911,319,110,2017-07-27,2017-08-20,2017-07-27,2832,Done
912,160,73,2017-07-29,2017-09-27,2019-02-09,132600,Done
913,372,137,2017-07-29,2017-07-30,2017-11-14,23184,Done
914,108,44,2017-07-30,2017-08-25,2017-07-30,421307,Broken
915,162,160,2017-07-31,2017-10-06,2017-08-07,328199,Broken
916,402,53,2017-08-01,2017-08-14,2018-03-18,126912,Done
917,28,156,2017-08-01,2017-09-25,2018-04-04,77872,Done
918,29,150,2017-08-01,2017-10-18,2017-12-03,21600,Done
919,337,8,2017-08-02,2017-08-07,2017-08-02,635,Done
920,201,61,2017-08-02,2017-08-03,2020-03-20,576200,Done
921,433,182,2017-08-03,2017-08-06,2017-09-06,10848,Done
922,377,76,2017-08-06,2017-08-12,2017-09-08,129985,Broken
923,247,54,2017-08-07,2017-08-12,2017-08-09,279533,Broken
924,76,165,2017-08-07,2017-08-22,2017-08-28,460009,Broken
925,372,172,2017-08-10,2017-08-31,2018-12-01,187920,Done
926,441,45,2017-08-11,2017-09-05,2017-08-11,1375,Done
927,140,19,2017-08-13,2017-09-21,2017-08-13,4485,Done
928,347,138,2017-08-13,2017-08-22,2018-09-15,425316,Broken
929,10,6,2017-08-14,2017-08-30,2017-09-20,12245,Done
930,129,80,2017-08-15,2017-08-21,2018-02-20,32190,Done
931,345,93,2017-08-16,2017-09-01,2017-08-16,408188,Broken
932,393,22,2017-08-17,2017-09-08,2017-08-17,3674,Done
933,22,37,2017-08-18,2017-08-20,2018-02-25,89902,Done
934,381,131,2017-08-19,2017-09-03,2017-09-23,4950,Done
935,174,54,2017-08-22,2017-09-27,2017-08-27,6768,Done
936,260,145,2017-08-22,2017-08-27,2017-10-19,17220,Done
937,162,153,2017-08-26,2017-09-20,2017-09-29,8788,Done
938,121,85,2017-08-28,2017-09-03,2017-10-06,7770,Done
939,220,57,2017-08-29,2017-09-30,2017-10-04,6556,Done
940,220,29,2017-08-30,2017-10-25,2017-09-27,10192,Done
941,460,96,2017-08-31,2017-09-11,2017-11-10,140688,Broken
942,107,180,2017-09-01,2017-10-06,2017-10-02,252546,Broken
943,44,189,2017-09-02,2017-09-29,2017-12-16,18270,Done
944,241,111,2017-09-04,2017-09-20,2017-09-04,2816,Done
945,436,71,2017-09-06,2017-10-02,2017-09-25,130350,Broken
946,479,165,2017-09-06,2017-09-07,2017-09-06,189,Done
947,422,136,2017-09-07,2017-09-25,2017-09-07,1710,Done
948,61,111,2017-09-08,2017-09-16,2017-11-13,32032,Done
949,100,175,2017-09-09,2017-09-22,2017-12-30,27280,Done
950,89,21,2017-09-09,2017-09-11,2018-08-16,120242,Done
951,27,100,2017-09-09,2017-09-16,2017-09-22,4575,Done
952,446,18,2017-09-10,2017-09-23,2017-11-11,26240,Done
953,321,151,2017-09-13,2017-09-19,2019-04-01,309672,Done
954,70,116,2017-09-18,2017-09-21,2017-10-08,441289,Broken
955,220,133,2017-09-19,2017-09-24,2017-12-29,22268,Done
956,455,184,2017-09-20,2017-09-24,2017-10-05,4958,Done
957,20,140,2017-09-23,2017-11-14,2018-09-11,104095,Done
958,349,49,2017-09-25,2017-09-28,2017-11-18,485384,Broken
959,415,131,2017-09-30,2017-10-20,2018-05-06,40524,Done
960,207,197,2017-10-02,2017-10-09,2017-10-29,263131,Broken
961,454,90,2017-10-03,2017-11-04,2017-11-17,10934,Done
962,94,100,2017-10-05,2017-10-08,2017-10-11,2196,Done
963,478,10,2017-10-06,2017-11-15,2018-08-30,118424,Done
964,45,36,2017-10-07,2017-11-30,2018-04-26,496392,Broken
965,366,196,2017-10-08,2017-11-01,2018-01-01,21528,Done
966,305,109,2017-10-11,2017-10-28,2017-10-11,2516,Done
967,438,184,2017-10-12,2017-10-20,2017-11-20,13534,Done
968,497,76,2017-10-13,2017-10-16,2018-02-15,21402,Done
969,151,66,2017-10-13,2017-10-22,2017-10-13,729,Done
970,428,95,2017-10-14,2017-11-04,2017-10-14,1092,Done
971,312,66,2017-10-14,2017-10-15,2017-10-14,192083,Broken
972,487,141,2017-10-15,2017-10-23,2017-10-21,1072,Done
973,197,66,2017-10-17,2017-11-28,2018-05-07,42282,Done
974,128,104,2017-10-17,2017-11-11,2018-01-03,29072,Done
975,430,153,2017-10-19,2017-11-29,2017-10-19,6929,Done
976,214,32,2017-10-19,2017-11-01,2017-10-19,1014,Done
977,386,74,2017-10-20,2017-10-20,2017-10-22,378,Done
978,149,142,2017-10-20,2017-10-26,2017-11-11,10260,Done
979,132,164,2017-10-21,2017-11-02,2017-10-21,1608,Done
980,196,182,2017-10-22,2017-11-19,2017-10-30,3164,Done
981,188,141,2017-10-22,2017-11-09,2018-01-26,33768,Done
982,427,153,2017-10-22,2017-12-11,2018-02-08,303292,Broken
983,366,123,2017-10-22,2017-11-18,2018-07-12,513862,Broken
984,31,183,2017-10-24,2017-11-25,2017-10-26,2912,Done
985,472,19,2017-10-24,2017-11-21,2017-12-05,8050,Done
986,317,119,2017-10-26,2017-10-29,2017-10-26,351,Done
987,301,132,2017-10-28,2017-11-20,2018-03-12,65697,Done
988,259,34,2017-10-29,2017-11-22,2018-05-09,85008,Done
989,142,6,2017-10-30,2017-11-09,2018-05-13,253251,Broken
990,425,44,2017-11-01,2018-01-12,2017-11-01,7560,Done
991,238,97,2017-11-04,2017-12-08,2018-03-22,30794,Done
992,410,16,2017-11-06,2017-11-20,2017-11-26,5440,Done
993,192,27,2017-11-07,2017-11-07,2018-03-30,291003,Broken
994,45,182,2017-11-07,2017-11-26,2017-11-07,2147,Done
995,25,181,2017-11-08,2017-12-06,2018-04-01,51512,Done
996,156,74,2017-11-10,2017-11-22,2018-07-29,47817,Done
997,196,70,2017-11-11,2017-11-22,2018-11-07,75331,Done
998,349,198,2017-11-12,2017-12-03,2018-11-13,98208,Done
999,446,107,2017-11-12,2017-11-25,2017-11-12,1573,Done
1000,126,174,2017-11-13,2017-12-01,2018-05-25,77649,Done
1001,377,28,2017-11-13,2017-11-21,2017-12-03,6600,Done
1002,69,42,2017-11-14,2017-12-05,2019-05-24,143088,Done
1003,107,85,2017-11-15,2017-11-24,2017-11-15,666,Done
1004,163,134,2017-11-17,2017-11-25,2017-12-01,5174,Done
1005,335,116,2017-11-19,2017-12-07,2018-02-10,12354,Done
1006,60,72,2017-11-19,2017-12-26,2017-11-19,2405,Done
1007,136,44,2017-11-20,2017-11-24,2017-11-21,420,Done
1008,462,24,2017-11-21,2017-12-04,2018-01-18,319186,Broken
1009,292,79,2017-11-21,2017-11-29,2018-03-14,57494,Done
1010,357,20,2017-11-22,2017-11-25,2017-12-06,3960,Done
1011,66,44,2017-11-22,2017-12-07,2017-11-25,1575,Done
1012,373,184,2017-11-22,2017-11-27,2018-04-23,59764,Done
1013,440,41,2017-11-23,2017-11-29,2017-12-05,4512,Done
1014,8,15,2017-11-24,2018-01-06,2017-12-06,2924,Done
1015,416,157,2017-11-25,2017-12-29,2017-12-11,3978,Done
1016,194,31,2017-11-28,2017-12-31,2017-11-28,5676,Done
1017,475,29,2017-11-30,2017-12-09,2018-05-29,95004,Done
1018,13,64,2017-12-02,2017-12-06,2018-02-19,23358,Done
1019,415,3,2017-12-02,2017-12-04,2018-01-19,8820,Done
1020,234,72,2017-12-04,2017-12-17,2018-03-19,18785,Done
1021,288,165,2017-12-04,2017-12-05,2018-04-21,77868,Done
1022,293,96,2017-12-05,2017-12-17,2018-11-17,57969,Done
1023,303,101,2017-12-09,2017-12-31,2018-05-05,31760,Done
1024,211,44,2017-12-09,2017-12-22,2019-08-02,605162,Broken
1025,419,86,2017-12-10,2017-12-12,2017-12-10,188,Done
1026,168,146,2017-12-10,2017-12-13,2019-11-12,174300,Done
1027,74,169,2017-12-12,2018-01-21,2018-02-19,14224,Done
1028,494,134,2017-12-14,2017-12-21,2017-12-14,1393,Done
1029,175,57,2017-12-14,2017-12-19,2017-12-18,745,Done
1030,138,119,2017-12-16,2018-01-26,2018-01-23,4797,Done
1031,91,15,2017-12-16,2017-12-25,2019-12-29,150348,Done
1032,145,185,2017-12-16,2018-02-15,2020-01-04,367625,Done
1033,301,4,2017-12-17,2017-12-22,2018-01-01,408651,Broken
1034,194,67,2017-12-17,2017-12-28,2017-12-22,1056,Done
1035,165,170,2017-12-18,2017-12-21,2017-12-18,228,Done
1036,26,19,2017-12-21,2017-12-29,2017-12-30,1265,Done
1037,404,39,2017-12-24,2018-01-08,2018-03-05,35502,Done
1038,234,100,2017-12-24,2018-01-20,2018-04-03,45018,Done
1039,179,67,2017-12-25,2017-12-31,2018-10-20,84960,Done
1040,404,1,2017-12-25,2017-12-29,2018-01-18,11712,Done
1041,159,167,2017-12-27,2018-01-09,2017-12-27,215379,Broken
1042,251,102,2017-12-27,2017-12-28,2018-05-04,47368,Done
1043,433,57,2017-12-27,2018-01-03,2017-12-27,1043,Done
1044,401,68,2017-12-29,2018-01-26,2018-02-15,5456,Done
1045,115,189,2017-12-31,2018-01-05,2018-12-09,71330,Done
1046,457,127,2017-12-31,2018-03-01,2018-08-17,106029,Done
1047,120,190,2018-01-01,2018-01-10,2018-02-16,17280,Done
1048,279,105,2018-01-02,2018-03-20,2018-11-01,80785,Done
1049,211,19,2018-01-03,2018-01-03,2018-01-03,0,Done
1050,178,56,2018-01-03,2018-01-19,2018-02-22,10856,Done
1051,249,157,2018-01-07,2018-02-28,2018-01-11,6084,Done
1052,180,173,2018-01-10,2018-02-05,2018-04-15,483594,Broken
1053,186,159,2018-01-11,2018-01-18,2018-03-29,26040,Done
1054,294,171,2018-01-11,2018-01-11,2018-01-20,4617,Done
1055,437,196,2018-01-12,2018-01-19,2019-01-19,114608,Done
1056,266,143,2018-01-13,2018-01-14,2018-01-19,2144,Done
1057,361,186,2018-01-15,2018-02-28,2018-06-15,18250,Done
1058,86,157,2018-01-15,2018-01-19,2018-01-15,468,Done
1059,256,130,2018-01-16,2018-01-20,2018-09-29,53960,Done
1060,265,125,2018-01-18,2018-02-05,2019-02-01,149736,Done
1061,308,166,2018-01-19,2018-01-29,2018-02-07,2442,Done
1062,353,139,2018-01-19,2018-03-26,2018-01-19,5742,Done
1063,127,23,2018-01-24,2018-03-17,2018-04-08,7198,Done
1064,144,142,2018-01-25,2018-02-02,2018-02-18,10640,Done
1065,235,193,2018-01-27,2018-04-05,2018-10-15,58230,Done
1066,497,50,2018-01-30,2018-03-20,2018-01-30,6076,Done
1067,301,85,2018-01-31,2018-02-19,2019-10-19,136160,Done
1068,248,143,2018-02-01,2018-02-22,2018-02-01,2814,Done
1069,382,200,2018-02-03,2018-03-19,2018-07-14,52140,Done
1070,379,95,2018-02-03,2018-02-11,2018-08-02,27248,Done
1071,485,52,2018-02-04,2018-03-17,2018-10-09,98850,Done
1072,128,78,2018-02-04,2018-02-05,2018-02-04,143,Done
1073,181,40,2018-02-05,2018-02-28,2018-02-05,2622,Done
1074,18,163,2018-02-06,2018-03-04,2019-04-12,605584,Broken
1075,199,3,2018-02-06,2018-02-28,2018-02-22,1386,Done
1076,126,161,2018-02-06,2018-03-05,2018-02-09,5184,Done
1077,439,117,2018-02-08,2018-02-15,2018-02-08,903,Done
1078,387,20,2018-02-08,2018-02-12,2018-02-12,270758,Broken
1079,412,1,2018-02-16,2018-04-09,2018-03-07,9516,Done
1080,356,88,2018-02-16,2018-03-04,2018-06-19,37407,Done
1081,82,68,2018-02-17,2018-02-25,2018-02-18,496,Done
1082,409,5,2018-02-18,2018-03-15,2019-06-13,105640,Done
1083,295,195,2018-02-22,2018-02-28,2018-02-22,441802,Broken
1084,368,83,2018-02-25,2018-04-19,2018-03-23,4664,Done
1085,390,180,2018-02-25,2018-04-14,2018-04-17,3819,Done
1086,383,76,2018-02-25,2018-04-18,2018-07-27,20416,Done
1087,241,170,2018-02-26,2018-04-26,2018-07-21,24092,Done
1088,92,160,2018-02-26,2018-02-28,2018-04-01,11074,Done
1089,87,109,2018-02-27,2018-03-23,2018-03-05,3552,Done
1090,496,33,2018-03-01,2018-03-03,2018-04-04,485901,Broken
1091,271,19,2018-03-03,2018-04-09,2018-03-03,4255,Done
1092,16,39,2018-03-09,2018-03-13,2018-10-20,129398,Done
1093,102,107,2018-03-09,2018-04-04,2018-04-20,8954,Done
1094,68,114,2018-03-10,2018-04-07,2018-04-06,4424,Done
1095,163,129,2018-03-11,2018-03-15,2018-11-30,90160,Done
1096,214,80,2018-03-12,2018-03-24,2020-06-26,349958,Broken
1097,457,41,2018-03-14,2018-04-15,2018-07-15,57340,Done
1098,191,190,2018-03-15,2018-03-27,2018-06-13,465949,Broken
1099,391,3,2018-03-16,2018-04-06,2020-06-28,155169,Done
1100,474,199,2018-03-18,2018-04-08,2018-08-10,46374,Done
1101,233,144,2018-03-19,2018-03-28,2018-10-26,334370,Broken
1102,368,142,2018-03-28,2018-04-06,2018-07-19,60990,Done
1103,477,14,2018-03-29,2018-04-14,2018-04-08,1552,Done
1104,230,97,2018-03-29,2018-04-26,2018-04-11,2492,Done
1105,60,169,2018-03-29,2018-05-09,2020-03-12,230720,Done
1106,411,4,2018-03-30,2018-04-09,2018-03-30,404651,Broken
1107,445,59,2018-03-31,2018-05-17,2018-04-10,8366,Done
1108,110,1,2018-04-01,2018-05-17,2019-11-19,310917,Done
1109,87,119,2018-04-02,2018-04-20,2019-12-19,215514,Done
1110,409,72,2018-04-02,2018-04-10,2018-04-22,2860,Done
1111,158,171,2018-04-03,2018-04-18,2018-06-11,30267,Done
1112,40,153,2018-04-07,2018-04-19,2018-04-07,2028,Done
1113,465,56,2018-04-09,2018-04-21,2018-04-09,1104,Done
1114,388,155,2018-04-09,2018-05-14,2018-05-04,4480,Done
1115,56,116,2018-04-09,2018-04-10,2018-09-25,29290,Done
1116,94,141,2018-04-09,2018-04-23,2018-05-02,5494,Done
1117,104,104,2018-04-10,2018-05-11,2018-10-10,76946,Done
1118,156,156,2018-04-10,2018-05-20,2018-07-01,20584,Done
1119,106,4,2018-04-11,2018-05-26,2019-03-23,151680,Done
1120,259,8,2018-04-11,2018-05-05,2018-09-06,50292,Done
1121,214,90,2018-04-11,2018-04-20,2018-07-17,42042,Done
1122,54,23,2018-04-12,2018-04-20,2018-05-27,7259,Done
1123,482,27,2018-04-12,2018-04-26,2019-09-04,465902,Broken
1124,315,56,2018-04-13,2018-06-10,2018-04-16,5336,Done
1125,228,68,2018-04-13,2018-04-24,2018-04-15,682,Done
1126,194,121,2018-04-14,2018-04-27,2018-04-19,1625,Done
1127,232,133,2018-04-14,2018-05-09,2021-01-13,225340,Done
1128,94,97,2018-04-15,2018-04-15,2018-06-05,203212,Broken
1129,168,179,2018-04-15,2018-05-11,2018-06-14,19200,Done
1130,43,59,2018-04-16,2018-05-07,2018-07-18,42186,Done
1131,253,40,2018-04-19,2018-04-19,2018-04-19,0,Done
1132,251,14,2018-04-19,2018-04-27,2018-04-22,776,Done
1133,169,128,2018-04-20,2018-04-25,2018-04-20,825,Done
1134,402,79,2018-04-20,2018-06-07,2018-06-13,11748,Done
1135,112,68,2018-04-23,2018-04-26,2018-04-23,186,Done
1136,169,72,2018-04-24,2018-04-26,2018-09-12,27235,Done
1137,305,60,2018-04-24,2018-05-02,2021-02-11,207808,Done
1138,382,175,2018-04-30,2018-05-10,2018-05-06,880,Done
1139,77,160,2018-05-04,2018-06-24,2018-10-13,43392,Done
1140,200,14,2018-05-05,2018-05-10,2018-05-08,485,Done
1141,234,120,2018-05-06,2018-05-16,2019-05-06,58050,Done
1142,32,28,2018-05-06,2018-05-29,2018-06-02,5250,Done
1143,60,159,2018-05-07,2018-05-14,2018-05-16,1560,Done
1144,261,33,2018-05-09,2018-05-09,2018-07-19,11076,Done
1145,279,107,2018-05-09,2018-05-20,2018-10-16,242409,Broken
1146,307,145,2018-05-09,2018-05-23,2018-06-02,4620,Done
1147,90,48,2018-05-12,2018-07-06,2018-05-21,10175,Done
1148,485,121,2018-05-12,2018-05-18,2018-05-24,3000,Done
1149,123,176,2018-05-13,2018-05-14,2018-08-07,23808,Done
1150,359,173,2018-05-17,2018-06-09,2018-06-10,1768,Done
1151,64,114,2018-05-20,2018-06-09,2018-05-26,3160,Done
1152,220,166,2018-05-21,2018-05-23,2018-06-08,3300,Done
1153,481,188,2018-05-22,2018-06-08,2018-07-04,461064,Broken
1154,295,180,2018-05-22,2018-05-25,2018-05-22,250402,Broken
1155,399,177,2018-05-24,2018-06-03,2018-08-24,31232,Done
1156,1,93,2018-05-26,2018-08-08,2020-04-11,376270,Done
1157,123,16,2018-05-28,2018-05-31,2018-07-10,505990,Broken
1158,96,32,2018-05-29,2018-07-08,2019-08-15,97422,Done
1159,305,180,2018-06-03,2018-06-07,2018-08-16,14338,Done
1160,349,183,2018-06-04,2018-06-22,2018-06-14,1638,Done
1161,68,197,2018-06-05,2018-07-07,2019-02-14,97022,Done
1162,18,43,2018-06-05,2018-07-18,2018-06-05,6321,Done
1163,164,22,2018-06-06,2018-06-12,2018-08-31,41082,Done
1164,99,121,2018-06-07,2018-06-22,2018-06-19,1875,Done
1165,208,109,2018-06-12,2018-06-22,2019-01-30,100048,Done
1166,438,94,2018-06-13,2018-07-05,2018-07-04,2838,Done
1167,407,148,2018-06-19,2018-07-02,2018-06-19,1430,Done
1168,81,194,2018-06-21,2018-07-05,2019-01-07,41756,Done
1169,149,53,2018-06-22,2018-07-03,2020-01-05,319488,Done
1170,219,179,2018-06-24,2018-07-11,2018-07-02,2550,Done
1171,271,34,2018-06-25,2018-07-10,2018-06-30,236189,Broken
1172,102,190,2018-06-25,2018-07-04,2019-01-31,522973,Broken
1173,255,14,2018-06-26,2018-06-29,2018-07-03,1455,Done
1174,449,20,2018-06-27,2018-07-31,2018-10-05,25520,Done
1175,300,86,2018-06-29,2018-07-25,2018-07-04,2444,Done
1176,245,34,2018-07-01,2018-07-04,2018-10-08,46851,Done
1177,338,48,2018-07-03,2018-07-27,2018-07-03,4440,Done
1178,107,68,2018-07-07,2018-07-14,2018-08-13,6014,Done
1179,311,86,2018-07-08,2018-08-17,2018-09-23,14194,Done
1180,75,149,2018-07-08,2018-07-12,2018-11-13,47752,Done
1181,373,97,2018-07-09,2018-07-12,2019-08-10,295060,Broken
1182,201,143,2018-07-09,2018-07-30,2019-03-14,220492,Broken
1183,383,184,2018-07-09,2018-07-21,2018-11-10,170027,Broken
1184,201,131,2018-07-09,2018-07-12,2018-07-09,198,Done
1185,269,156,2018-07-12,2018-09-11,2019-02-09,382448,Broken
1186,488,192,2018-07-12,2018-07-13,2018-07-15,334618,Broken
1187,149,141,2018-07-12,2018-08-06,2018-09-06,283707,Broken
1188,380,179,2018-07-14,2018-07-15,2018-12-20,281903,Broken
1189,273,171,2018-07-17,2018-07-29,2018-07-17,2052,Done
1190,419,111,2018-07-17,2018-08-03,2019-07-10,183040,Done
1191,188,171,2018-07-17,2018-07-22,2018-09-27,35226,Done
1192,403,57,2018-07-17,2018-08-23,2019-01-19,72116,Done
1193,152,192,2018-07-18,2018-07-21,2018-08-05,338718,Broken
1194,349,28,2018-07-19,2018-08-22,2018-09-01,433702,Broken
1195,336,114,2018-07-20,2018-08-08,2018-07-20,394435,Broken
1196,146,186,2018-07-20,2018-08-16,2020-01-29,81000,Done
1197,287,122,2018-07-23,2018-08-04,2018-07-23,1416,Done
1198,479,29,2018-07-24,2018-08-23,2018-07-28,5460,Done
1199,474,121,2018-07-29,2018-09-22,2018-12-26,42500,Done
1200,428,173,2018-08-03,2018-08-16,2019-01-27,34340,Done
1201,377,78,2018-08-07,2018-08-16,2018-10-10,400593,Broken
1202,350,29,2018-08-11,2018-09-24,2019-03-26,334754,Broken
1203,410,51,2018-08-12,2018-08-26,2018-08-12,700,Done
1204,343,188,2018-08-13,2018-09-17,2019-05-09,74437,Done
1205,254,40,2018-08-13,2018-08-15,2018-11-12,147248,Broken
1206,47,90,2018-08-16,2018-09-17,2018-08-16,4928,Done
1207,261,167,2018-08-20,2018-09-18,2019-01-15,76042,Done
1208,471,181,2018-08-20,2018-09-22,2018-08-20,4521,Done
1209,432,106,2018-08-21,2018-09-12,2019-02-09,52392,Done
1210,444,199,2018-08-24,2018-08-29,2018-09-08,4130,Done
1211,168,66,2018-08-28,2018-09-12,2018-12-18,24786,Done
1212,211,101,2018-08-29,2018-08-31,2019-02-03,37600,Done
1213,401,94,2018-08-29,2018-09-02,2019-06-19,112746,Done
1214,407,132,2018-08-30,2018-09-30,2018-10-14,13359,Done
1215,450,82,2018-09-01,2018-09-23,2018-12-05,43621,Done
1216,23,170,2018-09-03,2018-10-02,2019-04-21,48032,Done
1217,8,83,2018-09-04,2018-09-14,2019-09-13,96976,Done
1218,307,168,2018-09-05,2018-09-27,2018-09-21,2354,Done
1219,105,12,2018-09-06,2018-10-13,2019-05-30,111496,Done
1220,6,43,2018-09-07,2018-09-16,2018-12-13,144825,Broken
1221,203,21,2018-09-09,2018-09-17,2019-05-27,90152,Done
1222,371,175,2018-09-10,2018-09-20,2018-10-14,255003,Broken
1223,311,122,2018-09-11,2018-10-08,2019-07-16,102660,Done
1224,422,166,2018-09-15,2018-11-07,2018-09-15,3498,Done
1225,472,113,2018-09-16,2018-09-16,2018-10-05,11229,Done
1226,147,147,2018-09-17,2018-10-13,2018-11-28,10496,Done
1227,389,48,2018-09-18,2018-10-31,2018-09-24,7955,Done
1228,176,168,2018-09-23,2018-10-01,2018-10-02,1177,Done
1229,32,131,2018-09-24,2018-10-02,2018-11-02,6666,Done
1230,219,191,2018-09-25,2018-11-11,2018-09-25,9118,Done
1231,148,123,2018-09-26,2018-10-25,2019-02-28,40293,Done
1232,376,137,2018-09-26,2018-10-05,2018-10-08,1296,Done
1233,487,22,2018-09-26,2018-10-11,2019-04-08,307291,Broken
1234,324,49,2018-09-30,2018-10-06,2018-10-17,6474,Done
1235,378,199,2018-10-01,2018-11-29,2018-10-24,228955,Broken
1236,327,84,2018-10-03,2018-10-11,2018-10-11,1576,Done
1237,169,68,2018-10-04,2018-10-12,2019-06-27,48484,Done
1238,417,130,2018-10-06,2018-10-12,2019-03-04,30885,Done
1239,214,16,2018-10-09,2018-10-14,2019-04-24,98770,Done
1240,470,59,2018-10-11,2018-11-02,2018-11-29,18334,Done
1241,312,69,2018-10-13,2018-10-25,2019-08-29,355009,Broken
1242,67,50,2018-10-14,2018-12-20,2018-11-26,8308,Done
1243,234,64,2018-10-15,2018-11-26,2018-11-17,4284,Done
1244,366,84,2018-10-17,2018-11-01,2019-02-18,506005,Broken
1245,7,132,2018-10-18,2018-11-28,2019-01-01,26169,Done
1246,430,90,2018-10-18,2018-12-13,2018-10-18,8624,Done
1247,23,182,2018-10-20,2018-11-08,2019-01-11,23843,Done
1248,128,49,2018-10-21,2018-10-31,2018-10-21,1660,Done
1249,164,164,2018-10-22,2018-11-08,2019-06-03,573549,Broken
1250,486,48,2018-10-23,2018-11-01,2018-11-09,6105,Done
1251,239,35,2018-10-23,2018-10-28,2018-10-23,250,Done
1252,494,134,2018-10-25,2018-11-19,2019-02-22,61690,Done
1253,366,181,2018-10-26,2018-11-17,2019-03-28,56855,Done
1254,171,158,2018-10-27,2018-10-27,2018-11-09,344817,Broken
1255,103,183,2018-10-28,2018-11-20,2018-12-17,9464,Done
1256,435,78,2018-10-29,2018-11-19,2019-11-05,153582,Done
1257,205,140,2018-10-29,2018-11-23,2019-01-31,25288,Done
1258,243,9,2018-10-30,2018-11-15,2018-12-29,7992,Done
1259,204,14,2018-10-30,2018-11-22,2018-11-30,4559,Done
1260,314,28,2018-10-30,2018-12-06,2019-03-02,44250,Done
1261,289,25,2018-11-05,2018-12-09,2018-11-05,2584,Done
1262,354,118,2018-11-06,2018-11-13,2019-03-14,71410,Done
1263,467,71,2018-11-08,2018-12-21,2019-03-15,42480,Done
1264,198,30,2018-11-08,2018-11-23,2018-11-21,2910,Done
1265,246,155,2018-11-09,2018-12-09,2018-11-09,3840,Done
1266,245,104,2018-11-10,2018-11-12,2018-11-10,316,Done
1267,447,34,2018-11-11,2018-11-23,2018-11-20,1932,Done
1268,104,8,2018-11-14,2018-11-22,2019-01-06,18161,Done
1269,480,131,2018-11-15,2018-11-19,2019-11-23,73326,Done
1270,294,100,2018-11-15,2018-11-19,2019-06-29,122610,Done
1271,456,150,2018-11-18,2018-11-24,2019-07-18,71400,Done
1272,320,65,2018-11-18,2018-12-20,2018-11-18,5024,Done
1273,134,105,2018-11-19,2018-12-15,2019-03-31,36808,Done
1274,173,108,2018-11-20,2018-12-15,2019-01-03,486010,Broken
1275,285,67,2018-11-21,2018-11-30,2018-11-21,864,Done
1276,418,34,2018-11-21,2018-11-24,2019-03-02,47817,Done
1277,465,40,2018-11-21,2018-12-06,2019-08-09,85842,Done
1278,495,195,2018-11-22,2018-12-18,2018-12-16,3536,Done
1279,266,153,2018-11-27,2018-12-01,2019-04-12,67600,Done
1280,359,155,2018-11-28,2018-12-26,2018-11-28,3584,Done
1281,150,158,2018-11-29,2018-12-18,2019-11-04,196400,Done
1282,80,144,2018-11-29,2018-12-12,2019-05-10,316240,Broken
1283,342,191,2018-11-29,2018-11-29,2018-11-30,582,Done
1284,41,37,2018-11-29,2018-12-04,2018-12-04,790,Done
1285,202,48,2018-12-01,2018-12-14,2020-08-20,343730,Done
1286,215,39,2018-12-02,2018-12-13,2019-08-05,138904,Done
1287,446,70,2018-12-04,2019-01-09,2019-02-26,12780,Done
1288,387,37,2018-12-06,2018-12-11,2019-01-14,16906,Done
1289,258,79,2018-12-07,2019-01-02,2019-08-28,131720,Done
1290,404,41,2018-12-08,2018-12-15,2019-05-26,92684,Done
1291,150,192,2018-12-08,2019-02-03,2019-05-16,36300,Done
1292,447,31,2018-12-08,2019-02-15,2019-11-02,146028,Done
1293,58,45,2018-12-10,2018-12-18,2019-05-04,23045,Done
1294,408,117,2018-12-12,2018-12-22,2020-01-19,153381,Done
1295,42,191,2018-12-12,2018-12-20,2019-01-09,13192,Done
1296,352,128,2018-12-12,2019-01-08,2018-12-12,4455,Done
1297,465,174,2018-12-13,2019-01-01,2018-12-13,139022,Broken
1298,107,129,2018-12-14,2018-12-21,2019-01-16,9775,Done
1299,342,137,2018-12-14,2018-12-18,2018-12-29,2664,Done
1300,229,175,2018-12-18,2019-01-21,2019-04-22,27016,Done
1301,463,168,2018-12-21,2019-01-02,2019-01-14,5136,Done
1302,310,24,2018-12-22,2019-01-16,2018-12-22,307009,Broken
1303,235,51,2018-12-24,2018-12-30,2019-01-14,2550,Done
1304,271,113,2018-12-25,2019-02-04,2019-06-16,86089,Done
1305,472,66,2018-12-28,2019-03-01,2019-02-02,5103,Done
1306,365,200,2018-12-28,2018-12-29,2019-05-20,56364,Done
1307,490,13,2018-12-30,2019-01-23,2019-01-04,3048,Done
1308,304,74,2018-12-31,2019-02-27,2019-01-29,127762,Broken
1309,496,159,2019-01-03,2019-01-21,2019-01-03,2160,Done
1310,185,159,2019-01-03,2019-02-19,2019-11-17,103200,Done
1311,187,160,2019-01-05,2019-02-05,2019-03-04,12656,Done
1312,489,121,2019-01-06,2019-03-04,2019-01-06,7125,Done
1313,447,183,2019-01-07,2019-01-30,2019-04-10,21203,Done
1314,107,154,2019-01-12,2019-03-14,2019-11-11,563281,Broken
1315,452,193,2019-01-14,2019-02-27,2020-09-22,158670,Done
1316,137,46,2019-01-17,2019-01-23,2019-05-12,31635,Done
1317,458,9,2019-01-17,2019-02-12,2019-06-02,379809,Broken
1318,19,49,2019-01-19,2019-01-30,2019-02-25,14774,Done
1319,128,59,2019-01-19,2019-01-20,2019-07-20,96832,Done
1320,120,108,2019-01-21,2019-02-23,2019-01-21,4224,Done
1321,102,11,2019-01-22,2019-02-04,2019-02-03,446938,Broken
1322,168,58,2019-01-28,2019-02-06,2021-03-20,446976,Done
1323,147,126,2019-01-30,2019-03-06,2019-02-19,247989,Broken
1324,184,8,2019-01-30,2019-02-04,2019-01-30,489462,Broken
1325,305,14,2019-02-04,2019-02-08,2019-02-04,388,Done
1326,304,55,2019-02-05,2019-02-05,2019-02-15,4830,Done
1327,221,36,2019-02-09,2019-02-21,2020-01-25,70794,Done
1328,389,54,2019-02-09,2019-02-17,2019-03-31,25192,Done
1329,99,161,2019-02-12,2019-03-22,2019-10-20,129408,Done
1330,78,20,2019-02-12,2019-02-17,2019-02-12,550,Done
1331,300,67,2019-02-12,2019-03-15,2019-02-28,2976,Done
1332,442,11,2019-02-15,2019-03-11,2019-06-04,30690,Done
1333,288,147,2019-02-17,2019-02-24,2019-02-17,448,Done
1334,331,74,2019-02-18,2019-02-24,2019-12-17,56322,Done
1335,216,102,2019-02-18,2019-02-20,2019-09-03,72788,Done
1336,337,26,2019-02-18,2019-02-23,2019-03-04,3360,Done
1337,322,98,2019-02-22,2019-04-09,2019-08-24,53926,Done
1338,291,109,2019-02-23,2019-03-04,2019-03-06,2220,Done
1339,78,8,2019-02-23,2019-04-10,2019-04-06,5842,Done
1340,25,30,2019-02-24,2019-02-26,2019-05-05,39964,Done
1341,350,107,2019-02-25,2019-04-12,2019-02-25,5566,Done
1342,309,81,2019-03-03,2019-03-26,2019-03-29,3232,Done
1343,243,174,2019-03-08,2019-04-26,2019-03-12,7007,Done
1344,417,17,2019-03-09,2019-04-06,2019-10-26,110201,Done
1345,450,141,2019-03-10,2019-03-21,2019-03-13,1474,Done
1346,287,126,2019-03-11,2019-03-19,2019-03-27,1824,Done
1347,379,92,2019-03-13,2019-04-29,2020-01-30,68250,Done
1348,290,112,2019-03-15,2019-04-09,2019-05-12,13268,Done
1349,255,109,2019-03-17,2019-04-02,2020-04-25,175084,Done
1350,463,141,2019-03-21,2019-04-01,2019-04-11,5494,Done
1351,489,67,2019-03-21,2019-04-25,2019-11-23,64416,Done
1352,365,191,2019-03-26,2019-04-02,2019-10-06,110192,Done
1353,405,178,2019-03-27,2019-05-09,2019-10-01,85084,Done
1354,456,189,2019-04-01,2019-04-12,2019-05-07,6020,Done
1355,424,132,2019-04-01,2019-04-19,2019-06-28,41724,Done
1356,82,173,2019-04-02,2019-04-05,2019-06-13,14280,Done
1357,424,26,2019-04-05,2019-04-28,2019-04-05,2415,Done
1358,334,52,2019-04-13,2019-06-18,2019-12-10,88650,Done
1359,422,22,2019-04-14,2019-05-06,2019-04-29,3674,Done
1360,419,64,2019-04-15,2019-06-01,2019-05-26,4794,Done
1361,324,81,2019-04-16,2019-06-26,2019-04-16,7171,Done
1362,280,152,2019-04-17,2019-05-24,2020-06-06,164360,Done
1363,63,37,2019-04-20,2019-04-30,2019-06-13,22436,Done
1364,120,51,2019-04-20,2019-06-11,2019-04-20,2600,Done
1365,425,57,2019-04-23,2019-05-03,2019-07-19,35909,Done
1366,298,190,2019-04-25,2019-05-14,2019-06-23,450541,Broken
1367,387,136,2019-04-27,2019-05-05,2019-07-29,342249,Broken
1368,320,184,2019-05-01,2019-05-16,2019-09-03,46230,Done
1369,389,172,2019-05-03,2019-05-04,2019-09-14,372092,Broken
1370,16,8,2019-05-03,2019-05-08,2019-09-08,536325,Broken
1371,12,155,2019-05-04,2019-05-22,2020-03-13,369987,Broken
1372,472,84,2019-05-06,2019-05-28,2019-07-21,36248,Done
1373,480,137,2019-05-06,2019-05-11,2019-05-19,2088,Done
1374,20,16,2019-05-07,2019-05-10,2019-05-26,8670,Done
1375,329,45,2019-05-07,2019-05-25,2019-05-07,990,Done
1376,424,198,2019-05-08,2019-05-18,2019-07-06,14601,Done
1377,415,49,2019-05-08,2019-06-07,2019-05-08,464468,Broken
1378,138,157,2019-05-08,2019-05-08,2019-05-08,0,Done
1379,236,174,2019-05-10,2019-05-13,2019-08-17,177918,Broken
1380,381,91,2019-05-13,2019-05-24,2019-09-21,71232,Done
1381,234,151,2019-05-16,2019-05-19,2020-03-15,166704,Done
1382,97,141,2019-05-18,2019-05-18,2019-05-31,5226,Done
1383,345,87,2019-05-20,2019-07-16,2019-06-03,376585,Broken
1384,266,14,2019-05-22,2019-06-03,2020-04-18,94284,Done
1385,482,134,2019-05-22,2019-06-23,2019-05-22,195028,Broken
1386,261,35,2019-05-22,2019-06-30,2019-05-22,1950,Done
1387,429,149,2019-05-30,2019-06-05,2019-08-14,27432,Done
1388,196,70,2019-06-01,2019-08-16,2019-07-03,341250,Broken
1389,84,54,2019-06-02,2019-06-08,2019-06-02,1128,Done
1390,66,103,2019-06-05,2019-06-13,2019-08-12,37224,Done
1391,215,130,2019-06-08,2019-06-14,2019-12-01,36636,Done
1392,197,153,2019-06-09,2019-06-19,2020-02-25,393876,Broken
1393,212,107,2019-06-13,2019-06-28,2019-08-24,22506,Done
1394,2,108,2019-06-16,2019-08-01,2020-04-30,110720,Done
1395,248,141,2019-06-18,2019-06-19,2019-08-04,18626,Done
1396,222,16,2019-06-20,2019-07-13,2019-12-16,83470,Done
1397,77,129,2019-06-23,2019-07-21,2019-10-07,30130,Done
1398,458,115,2019-06-24,2019-06-29,2019-07-17,4779,Done
1399,108,12,2019-06-25,2019-08-10,2020-05-31,143374,Done
1400,52,170,2019-06-25,2019-08-24,2020-01-21,38760,Done
1401,234,89,2019-06-29,2019-08-05,2019-09-27,10192,Done
1402,249,132,2019-06-29,2019-08-09,2019-12-10,75030,Done
1403,78,105,2019-06-29,2019-07-01,2019-11-02,461645,Broken
1404,379,11,2019-07-02,2019-07-07,2019-11-15,43780,Done
1405,260,179,2019-07-05,2019-08-27,2019-07-05,218603,Broken
1406,51,94,2019-07-06,2019-07-06,2019-07-06,0,Done
1407,375,22,2019-07-06,2019-07-17,2020-07-20,186706,Done
1408,173,143,2019-07-09,2019-07-21,2019-11-25,52662,Done
1409,237,195,2019-07-11,2019-08-02,2020-12-13,647570,Broken
1410,138,82,2019-07-14,2019-08-21,2019-12-20,72581,Done
1411,498,140,2019-07-19,2019-08-28,2019-11-15,30193,Done
1412,35,190,2019-07-19,2019-07-26,2020-10-10,191952,Done
1413,151,37,2019-07-21,2019-08-17,2019-12-01,54510,Done
1414,217,126,2019-07-25,2019-08-31,2019-12-13,19893,Done
1415,359,120,2019-07-26,2019-08-10,2020-11-01,73548,Done
1416,232,118,2019-07-27,2019-08-17,2019-07-27,4053,Done
1417,240,137,2019-07-29,2019-08-13,2020-04-10,53136,Done
1418,492,28,2019-07-30,2019-08-11,2019-09-19,443452,Broken
1419,204,6,2019-08-01,2019-08-09,2019-08-09,1240,Done
1420,185,162,2019-08-01,2019-08-03,2019-09-03,467571,Broken
1421,2,72,2019-08-02,2019-08-15,2019-10-22,202680,Broken
1422,317,24,2019-08-02,2019-08-25,2023-10-16,451638,Done
1423,114,198,2019-08-03,2019-08-12,2019-08-11,286079,Broken
1424,11,196,2019-08-04,2019-08-18,2019-09-17,10816,Done
1425,444,13,2019-08-04,2019-08-28,2019-12-16,349625,Broken
1426,147,106,2019-08-07,2019-08-14,2019-11-20,33411,Done
1427,410,66,2019-08-07,2019-08-14,2019-11-28,26325,Done
1428,431,84,2019-08-07,2019-08-11,2020-11-02,266147,Done
1429,262,56,2019-08-10,2019-09-02,2019-08-10,2116,Done
1430,495,200,2019-08-11,2019-09-06,2019-11-08,423620,Broken
1431,336,6,2019-08-13,2019-09-12,2019-09-25,10695,Done
1432,255,116,2019-08-15,2019-09-01,2019-08-18,439143,Broken
1433,94,43,2019-08-16,2019-09-12,2020-06-10,123921,Done
1434,212,198,2019-08-18,2019-08-28,2019-08-18,930,Done
1435,435,88,2019-08-19,2019-08-20,2019-09-03,196913,Broken
1436,377,150,2019-08-19,2019-08-20,2021-11-27,249100,Done
1437,446,173,2019-08-20,2019-10-06,2019-11-23,12988,Done
1438,313,29,2019-08-21,2019-10-02,2019-10-11,12558,Done
1439,209,7,2019-08-21,2019-08-22,2020-01-24,75958,Done
1440,300,116,2019-08-24,2019-08-27,2020-01-08,461647,Broken
1441,88,40,2019-08-24,2019-10-04,2019-08-24,4674,Done
1442,80,101,2019-08-27,2019-09-13,2019-08-27,1360,Done
1443,407,100,2019-08-28,2019-09-03,2020-01-11,72468,Done
1444,382,163,2019-08-29,2019-09-19,2019-11-13,30876,Done
1445,50,141,2019-08-30,2019-09-19,2019-09-15,2680,Done
1446,326,134,2019-08-31,2019-09-29,2019-09-10,194431,Broken
1447,192,124,2019-09-01,2019-09-01,2019-09-01,0,Done
1448,115,95,2019-09-02,2019-09-09,2019-12-08,14404,Done
1449,129,10,2019-09-03,2019-09-05,2019-09-09,1834,Done
1450,13,27,2019-09-05,2019-09-19,2020-09-14,178811,Done
1451,97,39,2019-09-08,2019-09-22,2019-09-13,2716,Done
1452,149,148,2019-09-08,2019-10-31,2019-11-03,6820,Done
1453,81,188,2019-09-09,2019-09-25,2019-10-18,8585,Done
1454,231,147,2019-09-10,2019-09-14,2019-10-01,3520,Done
1455,241,44,2019-09-10,2019-10-22,2020-01-29,35595,Done
1456,254,145,2019-09-10,2019-09-23,2019-11-05,14910,Done
1457,402,50,2019-09-10,2019-10-17,2020-05-02,78244,Done
1458,35,4,2019-09-14,2019-09-19,2019-10-08,9920,Done
1459,62,189,2019-09-16,2019-10-28,2019-09-16,2940,Done
1460,499,97,2019-09-16,2019-10-09,2019-10-15,193244,Broken
1461,73,79,2019-09-18,2019-10-24,2020-02-23,175500,Broken
1462,266,83,2019-09-19,2019-10-09,2019-12-21,21032,Done
1463,231,113,2019-09-19,2019-09-22,2019-09-27,3546,Done
1464,5,30,2019-09-20,2019-10-02,2019-10-05,4074,Done
1465,468,34,2019-09-23,2019-09-29,2019-12-20,40572,Done
1466,479,32,2019-09-23,2019-09-30,2019-11-07,9438,Done
1467,430,112,2019-09-25,2019-09-29,2019-10-13,4922,Done
1468,261,184,2019-09-28,2019-09-30,2019-10-25,133713,Broken
1469,73,176,2019-10-01,2019-10-01,2020-03-10,44919,Done
1470,389,175,2019-10-04,2019-10-10,2020-01-04,23232,Done
1471,186,174,2019-10-05,2019-10-25,2019-11-11,10153,Done
1472,58,57,2019-10-05,2019-10-10,2019-11-29,23095,Done
1473,470,28,2019-10-06,2019-11-26,2019-12-20,442552,Broken
1474,378,91,2019-10-07,2019-10-14,2020-01-21,58368,Done
1475,309,171,2019-10-08,2019-11-05,2019-10-27,4788,Done
1476,10,30,2019-10-08,2019-10-11,2019-10-08,582,Done
1477,379,194,2019-10-08,2019-10-12,2021-05-05,125341,Done
1478,86,147,2019-10-08,2019-10-23,2019-10-20,960,Done
1479,6,189,2019-10-09,2019-10-22,2020-08-09,62230,Done
1480,190,45,2019-10-10,2019-10-27,2020-10-22,60500,Done
1481,123,196,2019-10-10,2019-10-20,2019-11-07,6656,Done
1482,126,104,2019-10-12,2019-10-24,2019-11-02,6162,Done
1483,241,182,2019-10-12,2019-11-02,2019-10-17,273112,Broken
1484,106,59,2019-10-12,2019-12-08,2019-11-04,10146,Done
1485,64,122,2019-10-14,2019-11-08,2020-09-02,108796,Done
1486,181,42,2019-10-17,2019-12-08,2019-10-17,4576,Done
1487,246,113,2019-10-22,2019-11-17,2020-01-08,35854,Done
1488,164,85,2019-10-24,2019-11-08,2020-03-21,30858,Done
1489,402,56,2019-10-27,2019-11-02,2022-01-10,221352,Done
1490,203,4,2019-10-28,2019-11-10,2020-08-25,140800,Done
1491,58,98,2019-10-28,2019-12-12,2020-01-06,14160,Done
1492,69,191,2019-10-28,2019-11-24,2020-10-29,203118,Done
1493,261,8,2019-10-29,2019-12-03,2019-10-29,4445,Done
1494,386,72,2019-10-31,2019-11-07,2021-10-08,137150,Done
1495,52,171,2019-11-01,2019-11-13,2019-11-01,332267,Broken
1496,128,110,2019-11-03,2019-11-11,2019-11-03,944,Done
1497,132,123,2019-11-05,2019-11-07,2019-11-05,198,Done
1498,462,99,2019-11-05,2019-11-17,2019-11-15,492378,Broken
1499,300,110,2019-11-06,2019-12-27,2019-11-06,6018,Done
1500,403,144,2019-11-08,2019-11-29,2020-01-05,12936,Done
1501,312,134,2019-11-10,2020-01-13,2019-11-12,12736,Done
1502,254,181,2019-11-12,2020-01-04,2021-08-19,401330,Broken
1503,496,17,2019-11-13,2019-11-18,2020-07-15,246353,Broken
1504,490,134,2019-11-14,2019-11-14,2020-01-29,45372,Done
1505,72,29,2019-11-14,2019-12-20,2019-12-05,6552,Done
1506,179,96,2019-11-16,2019-11-22,2020-01-16,9747,Done
1507,284,168,2019-11-16,2019-12-31,2020-06-21,60348,Done
1508,141,32,2019-11-17,2019-11-19,2019-12-24,8346,Done
1509,201,123,2019-11-23,2019-12-24,2020-01-11,8415,Done
1510,347,199,2019-11-24,2019-11-27,2020-08-14,92748,Done
1511,251,94,2019-11-26,2019-12-07,2021-06-05,212721,Done
1512,497,110,2019-11-29,2019-12-07,2020-05-15,158952,Broken
1513,60,5,2019-11-30,2019-12-22,2020-03-01,17632,Done
1514,270,173,2019-12-01,2019-12-01,2019-12-14,2652,Done
1515,246,97,2019-12-01,2020-01-01,2020-11-25,90602,Done
1516,230,46,2019-12-04,2020-01-16,2019-12-05,166456,Broken
1517,121,73,2019-12-04,2019-12-08,2020-04-19,34255,Done
1518,466,165,2019-12-04,2019-12-07,2021-05-30,760519,Broken
1519,374,68,2019-12-05,2019-12-16,2020-03-15,17422,Done
1520,205,46,2019-12-06,2019-12-06,2019-12-06,162371,Broken
1521,4,163,2019-12-06,2020-02-03,2019-12-13,9794,Done
1522,454,10,2019-12-08,2019-12-24,2019-12-08,2096,Done
1523,1,59,2019-12-08,2019-12-18,2019-12-26,326778,Broken
1524,330,87,2019-12-11,2020-01-13,2019-12-18,3102,Done
1525,202,95,2019-12-12,2019-12-16,2021-01-20,62764,Done
1526,122,99,2019-12-13,2020-01-06,2020-08-15,67620,Done
1527,94,147,2019-12-17,2020-01-11,2022-03-29,156736,Done
1528,79,16,2019-12-17,2019-12-19,2019-12-17,340,Done
1529,321,39,2019-12-17,2019-12-27,2020-01-17,14162,Done
1530,175,143,2019-12-17,2019-12-27,2020-09-30,113096,Done
1531,25,188,2019-12-18,2020-01-04,2020-09-01,74740,Done
1532,56,103,2019-12-18,2019-12-21,2020-01-13,14256,Done
1533,438,104,2019-12-19,2019-12-22,2019-12-19,474,Done
1534,130,87,2019-12-20,2020-01-05,2020-05-10,37036,Done
1535,457,174,2019-12-20,2020-01-20,2020-07-01,210665,Broken
1536,342,180,2019-12-20,2019-12-21,2020-02-16,11524,Done
1537,483,182,2019-12-20,2019-12-29,2020-08-19,80343,Done
1538,471,8,2019-12-23,2020-02-13,2019-12-23,6604,Done
1539,17,13,2019-12-26,2020-01-27,2019-12-31,4064,Done
1540,242,162,2019-12-27,2020-01-23,2019-12-27,4968,Done
1541,304,136,2019-12-27,2020-01-11,2020-04-11,27360,Done
1542,367,167,2019-12-30,2020-01-05,2020-11-14,186756,Done
1543,28,139,2019-12-31,2020-01-02,2019-12-31,272104,Broken
1544,107,128,2020-01-02,2020-01-21,2020-01-03,3135,Done
1545,22,158,2020-01-02,2020-02-06,2020-05-03,59200,Done
1546,457,197,2020-01-03,2020-01-07,2020-01-03,556,Done
1547,62,63,2020-01-03,2020-01-15,2020-01-03,168953,Broken
1548,377,112,2020-01-04,2020-01-11,2021-06-12,167027,Done
1549,325,128,2020-01-04,2020-01-19,2020-01-17,2475,Done
1550,250,161,2020-01-05,2020-01-16,2020-06-02,81600,Done
1551,302,102,2020-01-05,2020-02-14,2020-01-11,4960,Done
1552,117,144,2020-01-08,2020-02-08,2020-10-17,77126,Done
1553,316,62,2020-01-08,2020-01-11,2020-07-24,530678,Broken
1554,385,23,2020-01-08,2020-01-08,2020-01-08,0,Done
1555,181,124,2020-01-09,2020-02-11,2020-01-13,5808,Done
1556,21,52,2020-01-09,2020-01-09,2020-03-20,287509,Broken
1557,22,88,2020-01-09,2020-02-26,2020-03-03,7326,Done
1558,31,13,2020-01-11,2020-01-23,2020-04-11,31623,Done
1559,111,124,2020-01-15,2020-03-04,2020-03-13,463794,Broken
1560,398,82,2020-01-15,2020-01-21,2020-07-25,102084,Done
1561,80,114,2020-01-16,2020-01-31,2020-03-20,25596,Done
1562,38,67,2020-01-17,2020-02-26,2020-01-27,3840,Done
1563,238,113,2020-01-17,2020-02-01,2021-01-07,204486,Done
1564,385,145,2020-01-21,2020-01-24,2020-05-12,34650,Done
1565,269,54,2020-01-23,2020-03-06,2020-02-08,8084,Done
1566,377,178,2020-01-23,2020-02-06,2020-01-23,2492,Done
1567,48,9,2020-01-24,2020-03-01,2020-02-08,1998,Done
1568,413,185,2020-01-25,2020-03-02,2020-04-19,423953,Broken
1569,210,175,2020-01-27,2020-02-22,2020-12-23,82808,Done
1570,348,146,2020-01-28,2020-01-31,2020-02-17,4482,Done
1571,470,29,2020-01-30,2020-02-09,2020-04-15,37856,Done
1572,245,70,2020-02-02,2020-03-02,2020-02-03,2059,Done
1573,62,1,2020-02-03,2020-03-31,2020-07-09,65331,Done
1574,253,6,2020-02-04,2020-04-05,2020-03-14,9455,Done
1575,352,15,2020-02-05,2020-02-09,2020-03-22,8840,Done
1576,8,57,2020-02-06,2020-02-08,2020-03-25,20860,Done
1577,49,157,2020-02-06,2020-03-14,2020-02-12,163665,Broken
1578,302,96,2020-02-11,2020-02-17,2020-02-20,855,Done
1579,155,117,2020-02-13,2020-02-27,2021-04-20,163572,Done
1580,210,9,2020-02-13,2020-04-02,2020-02-13,363231,Broken
1581,328,128,2020-02-14,2020-03-17,2020-03-15,5280,Done
1582,56,78,2020-02-14,2020-03-26,2020-08-01,436486,Broken
1583,196,55,2020-02-14,2020-03-13,2020-11-02,117530,Done
1584,496,131,2020-02-16,2020-02-16,2020-02-16,306140,Broken
1585,81,163,2020-02-16,2020-02-24,2020-02-16,1328,Done
1586,402,115,2020-02-16,2020-03-23,2020-11-05,429426,Broken
1587,427,157,2020-02-18,2020-03-03,2020-02-18,1638,Done
1588,483,132,2020-02-19,2020-02-23,2020-02-19,732,Done
1589,85,32,2020-02-20,2020-03-05,2020-02-20,330356,Broken
1590,376,186,2020-02-21,2020-03-29,2020-02-21,1850,Done
1591,452,129,2020-02-23,2020-04-29,2020-04-13,112143,Broken
1592,84,118,2020-02-23,2020-03-02,2020-03-01,1544,Done
1593,149,96,2020-02-26,2020-04-13,2020-03-12,2679,Done
1594,263,77,2020-03-01,2020-03-21,2020-03-03,2160,Done
1595,4,91,2020-03-04,2020-03-26,2020-05-25,357173,Broken
1596,56,79,2020-03-07,2020-03-30,2020-03-27,4094,Done
1597,155,123,2020-03-08,2020-05-19,2020-03-08,448225,Broken
1598,301,18,2020-03-09,2020-03-20,2020-03-09,1804,Done
1599,173,74,2020-03-11,2020-05-07,2020-11-27,166255,Broken
1600,500,54,2020-03-14,2020-04-15,2020-05-31,31960,Done
1601,211,77,2020-03-14,2020-04-01,2020-03-15,441069,Broken
1602,38,183,2020-03-15,2020-04-24,2020-03-23,3640,Done
1603,434,32,2020-03-18,2020-05-13,2020-06-03,9282,Done
1604,273,19,2020-03-18,2020-03-29,2020-03-28,1265,Done
1605,93,118,2020-03-19,2020-06-04,2020-07-25,44390,Done
1606,315,157,2020-03-25,2020-03-30,2020-07-13,37440,Done
1607,382,83,2020-03-25,2020-04-15,2021-08-19,131472,Done
1608,288,70,2020-03-25,2020-04-08,2020-03-25,994,Done
1609,331,77,2020-03-26,2020-04-08,2020-11-25,515373,Broken
1610,239,114,2020-03-27,2020-05-13,2020-08-21,54826,Done
1611,441,166,2020-03-29,2020-04-10,2020-07-15,19800,Done
1612,377,106,2020-03-30,2020-04-03,2020-04-08,424932,Broken
1613,482,96,2020-03-31,2020-05-20,2020-11-03,31407,Done
1614,358,79,2020-04-02,2020-04-12,2020-11-17,118726,Done
1615,268,149,2020-04-02,2020-04-07,2020-04-02,635,Done
1616,280,148,2020-04-02,2020-04-05,2021-02-03,293360,Broken
1617,388,119,2020-04-04,2020-05-17,2020-07-09,173940,Broken
1618,357,9,2020-04-05,2020-04-21,2021-01-25,46062,Done
1619,482,85,2020-04-05,2020-04-19,2020-04-07,1036,Done
1620,447,141,2020-04-06,2020-04-24,2020-12-26,101304,Done
1621,421,126,2020-04-06,2020-04-12,2020-04-08,342,Done
1622,11,67,2020-04-14,2020-04-18,2020-07-04,22560,Done
1623,362,136,2020-04-15,2020-04-20,2020-05-25,10450,Done
1624,408,103,2020-04-19,2020-04-26,2020-06-01,22770,Done
1625,451,129,2020-04-19,2020-06-22,2020-09-24,39790,Done
1626,229,185,2020-04-20,2020-04-23,2020-04-20,519,Done
1627,59,106,2020-04-21,2020-05-23,2021-01-03,501300,Broken
1628,208,124,2020-04-22,2020-05-01,2020-06-16,25872,Done
1629,252,128,2020-04-23,2020-04-30,2020-09-29,205202,Broken
1630,98,90,2020-04-25,2020-05-25,2020-04-25,428776,Broken
1631,140,151,2020-04-26,2020-06-08,2020-05-03,323903,Broken
1632,125,160,2020-04-26,2020-06-24,2020-06-06,6667,Done
1633,319,170,2020-04-27,2020-04-30,2020-07-29,20748,Done
1634,231,44,2020-04-29,2020-05-13,2021-05-21,118965,Done
1635,50,6,2020-04-29,2020-04-30,2020-04-29,155,Done
1636,74,134,2020-04-30,2020-06-10,2022-02-11,372926,Done
1637,133,126,2020-05-03,2020-06-10,2020-08-25,261156,Broken
1638,54,71,2020-05-04,2020-06-07,2020-05-04,4896,Done
1639,216,85,2020-05-04,2020-06-13,2020-11-04,34928,Done
1640,58,5,2020-05-08,2020-05-21,2020-08-13,260232,Broken
1641,285,123,2020-05-09,2020-05-09,2020-08-29,474361,Broken
1642,63,158,2020-05-09,2020-05-21,2020-06-25,23400,Done
1643,51,125,2020-05-11,2020-06-02,2021-05-19,146200,Done
1644,341,100,2020-05-13,2020-06-18,2020-10-14,71370,Done
1645,341,76,2020-05-14,2020-06-24,2020-06-28,3074,Done
1646,180,185,2020-05-17,2020-06-25,2020-09-29,449211,Broken
1647,200,145,2020-05-18,2020-05-20,2020-09-28,41475,Done
1648,226,140,2020-05-26,2020-06-04,2020-05-26,981,Done
1649,129,169,2020-05-26,2020-06-12,2020-07-25,16352,Done
1650,58,71,2020-05-29,2020-06-18,2020-08-14,27504,Done
1651,442,63,2020-05-29,2020-05-31,2020-08-12,35360,Done
1652,258,127,2020-06-04,2020-08-10,2020-06-05,12529,Done
1653,454,108,2020-06-04,2020-06-05,2020-11-23,65792,Done
1654,321,73,2020-06-04,2020-06-08,2020-11-28,44455,Done
1655,473,37,2020-06-06,2020-07-06,2020-09-07,34602,Done
1656,427,6,2020-06-06,2020-06-09,2020-06-06,465,Done
1657,405,59,2020-06-10,2020-06-18,2020-07-28,22784,Done
1658,199,178,2020-06-14,2020-07-23,2020-09-01,28302,Done
1659,139,87,2020-06-15,2020-07-22,2021-05-10,85822,Done
1660,36,137,2020-06-18,2020-07-08,2022-08-02,164520,Done
1661,227,15,2020-06-18,2020-06-26,2020-06-19,544,Done
1662,199,127,2020-06-22,2020-06-25,2023-02-09,538560,Done
1663,113,11,2020-06-28,2020-07-26,2020-06-28,3080,Done
1664,202,2,2020-06-29,2020-07-15,2020-08-04,7600,Done
1665,160,151,2020-06-30,2020-07-07,2021-10-04,251896,Done
1666,140,156,2020-07-01,2020-07-24,2020-07-02,2852,Done
1667,256,50,2020-07-01,2020-07-05,2020-07-26,8308,Done
1668,264,23,2020-07-01,2020-07-10,2021-11-10,89853,Done
1669,304,173,2020-07-02,2020-07-19,2020-07-02,468906,Broken
1670,186,172,2020-07-03,2020-07-17,2020-07-05,1890,Done
1671,184,158,2020-07-03,2020-07-31,2020-07-10,5600,Done
1672,470,160,2020-07-03,2020-08-03,2020-09-08,15707,Done
1673,407,103,2020-07-04,2020-07-17,2020-08-27,233190,Broken
1674,20,33,2020-07-04,2020-08-08,2021-01-08,506493,Broken
1675,218,13,2020-07-05,2020-09-05,2021-02-13,69215,Done
1676,401,61,2020-07-09,2020-08-22,2020-07-09,8800,Done
1677,211,65,2020-07-11,2020-07-14,2021-01-15,87606,Done
1678,447,101,2020-07-14,2020-08-14,2022-03-16,330361,Broken
1679,92,179,2020-07-14,2020-07-21,2020-10-30,46500,Done
1680,77,186,2020-07-15,2020-09-20,2020-11-02,9800,Done
1681,142,49,2020-07-15,2020-09-09,2021-07-06,158696,Done
1682,393,46,2020-07-21,2020-08-22,2020-08-28,4750,Done
1683,330,111,2020-07-22,2020-09-02,2021-04-29,133584,Done
1684,478,52,2020-07-22,2020-07-30,2020-10-14,35400,Done
1685,115,159,2020-07-23,2020-09-05,2021-03-31,79800,Done
1686,337,104,2020-07-23,2020-07-24,2020-07-23,158,Done
1687,14,121,2020-07-28,2020-08-20,2020-08-11,2875,Done
1688,246,153,2020-07-29,2020-08-02,2020-08-01,676,Done
1689,412,156,2020-07-29,2020-08-14,2021-02-28,75640,Done
1690,349,142,2020-07-31,2020-08-17,2020-07-31,311549,Broken
1691,233,153,2020-08-02,2020-09-05,2021-01-13,71656,Done
1692,293,17,2020-08-02,2020-08-22,2020-09-06,11245,Done
1693,441,184,2020-08-09,2020-08-29,2020-11-04,29614,Done
1694,312,91,2020-08-12,2020-09-23,2021-03-29,115776,Done
1695,34,200,2020-08-12,2020-09-06,2020-08-12,3300,Done
1696,200,152,2020-08-15,2020-08-17,2020-09-27,326802,Broken
1697,384,180,2020-08-16,2020-08-23,2021-12-10,345944,Broken
1698,140,89,2020-08-16,2020-09-24,2020-08-19,2028,Done
1699,306,47,2020-08-19,2020-08-28,2020-08-19,1521,Done
1700,192,14,2020-08-20,2020-08-31,2020-12-18,149178,Broken
1701,4,158,2020-08-24,2020-10-10,2020-08-31,346417,Broken
1702,159,64,2020-08-25,2020-10-21,2020-08-26,5814,Done
1703,166,136,2020-08-25,2020-09-14,2020-08-25,319164,Broken
1704,399,66,2020-08-25,2020-08-31,2020-09-20,5346,Done
1705,380,3,2020-08-26,2020-09-06,2020-09-28,4851,Done
1706,115,61,2020-08-27,2020-08-31,2020-08-27,800,Done
1707,382,121,2020-08-29,2020-10-10,2021-01-19,306271,Broken
1708,28,99,2020-08-30,2020-11-11,2021-09-27,101234,Done
1709,445,48,2020-09-02,2020-09-09,2020-09-06,1295,Done
1710,242,8,2020-09-07,2020-09-19,2021-08-13,615319,Broken
1711,340,59,2020-09-08,2020-09-27,2020-10-19,15130,Done
1712,379,98,2020-09-08,2020-09-23,2020-12-01,26196,Done
1713,176,57,2020-09-10,2020-09-23,2020-09-10,1937,Done
1714,149,22,2020-09-12,2020-09-18,2020-11-13,29058,Done
1715,118,182,2020-09-12,2020-09-16,2021-02-22,325092,Broken
1716,408,178,2020-09-16,2020-10-18,2021-01-27,59630,Done
1717,435,64,2020-09-17,2020-10-02,2020-09-28,227791,Broken
1718,275,122,2020-09-20,2020-10-16,2021-04-25,201590,Broken
1719,331,71,2020-09-24,2020-10-31,2023-06-10,416592,Done
1720,321,170,2020-09-26,2020-10-07,2023-06-04,221996,Done
1721,430,89,2020-09-29,2020-10-21,2021-03-03,337239,Broken
1722,342,189,2020-09-29,2020-10-06,2021-04-06,38710,Done
1723,483,172,2020-09-29,2020-09-30,2021-11-21,169020,Done
1724,382,41,2020-09-30,2020-10-16,2021-08-06,168824,Done
1725,109,64,2020-10-01,2020-10-07,2020-10-01,226873,Broken
1726,46,107,2020-10-02,2020-10-30,2020-10-02,3388,Done
1727,143,102,2020-10-05,2020-11-01,2021-05-30,191388,Broken
1728,342,39,2020-10-07,2020-10-28,2020-10-07,4074,Done
1729,422,146,2020-10-08,2020-10-09,2020-11-16,9545,Done
1730,478,93,2020-10-09,2020-10-23,2020-10-10,2758,Done
1731,284,130,2020-10-15,2020-10-15,2022-07-17,136320,Done
1732,232,4,2020-10-16,2020-10-21,2020-12-07,23360,Done
1733,191,200,2020-10-16,2020-11-06,2020-11-10,4356,Done
1734,161,177,2020-10-17,2020-10-31,2021-07-19,97234,Done
1735,397,193,2020-10-17,2020-10-25,2021-02-17,31770,Done
1736,233,173,2020-10-17,2020-10-19,2020-12-31,15028,Done
1737,368,93,2020-10-18,2020-10-18,2021-04-17,106971,Done
1738,277,36,2020-10-19,2020-11-29,2021-05-08,498186,Broken
1739,66,69,2020-10-20,2020-10-25,2020-10-31,1587,Done
1740,318,128,2020-10-21,2020-10-21,2020-10-21,0,Done
1741,102,161,2020-10-24,2020-10-27,2020-12-26,35136,Done
1742,310,25,2020-10-24,2020-10-26,2020-10-24,152,Done
1743,224,3,2020-10-25,2020-11-10,2020-12-14,7434,Done
1744,289,105,2020-10-28,2020-10-29,2021-10-10,111173,Done
1745,123,59,2020-10-29,2020-11-06,2021-02-06,50552,Done
1746,259,119,2020-10-30,2020-11-02,2020-10-30,351,Done
1747,192,123,2020-11-05,2020-12-04,2020-12-11,446047,Broken
1748,60,19,2020-11-08,2020-11-24,2021-07-13,81535,Done
1749,465,38,2020-11-11,2020-11-16,2021-01-19,305818,Broken
1750,345,69,2020-11-15,2020-11-17,2022-04-07,395305,Broken
1751,494,104,2020-11-16,2020-11-16,2020-12-16,14220,Done
1752,88,115,2020-11-19,2020-12-12,2021-06-06,44631,Done
1753,197,7,2020-11-19,2020-11-19,2021-10-23,621429,Broken
1754,283,39,2020-11-21,2020-12-18,2021-01-06,449607,Broken
1755,154,103,2020-11-21,2020-12-07,2021-02-03,37620,Done
1756,106,63,2020-11-24,2020-11-28,2021-12-14,183520,Done
1757,86,79,2020-11-29,2020-12-08,2021-01-06,17088,Done
1758,287,22,2020-11-29,2020-12-03,2020-12-06,217278,Broken
1759,258,190,2020-11-30,2021-01-08,2020-12-19,5616,Done
1760,83,28,2020-12-01,2021-01-03,2021-08-03,100350,Done
1761,253,88,2020-12-02,2020-12-03,2021-03-28,38406,Done
1762,178,157,2020-12-02,2021-01-18,2020-12-25,5499,Done
1763,153,32,2020-12-04,2020-12-26,2021-01-20,7566,Done
1764,168,120,2020-12-04,2020-12-31,2020-12-12,1458,Done
1765,74,50,2020-12-05,2020-12-18,2020-12-21,2728,Done
1766,430,5,2020-12-08,2020-12-21,2021-02-03,11020,Done
1767,446,35,2020-12-12,2021-01-26,2020-12-14,2250,Done
1768,359,31,2020-12-16,2020-12-19,2021-04-24,65532,Done
1769,215,35,2020-12-17,2020-12-20,2021-05-27,23850,Done
1770,438,146,2020-12-21,2020-12-24,2021-01-28,8964,Done
1771,297,139,2020-12-22,2021-01-12,2021-02-05,8091,Done
1772,347,167,2020-12-22,2020-12-27,2021-04-06,60085,Done
1773,142,183,2020-12-23,2021-01-14,2020-12-23,2002,Done
1774,326,21,2020-12-23,2020-12-28,2021-01-10,5192,Done
1775,149,22,2020-12-24,2021-01-17,2021-02-26,24048,Done
1776,445,54,2020-12-24,2021-01-19,2021-07-20,107536,Done
1777,275,184,2020-12-26,2021-01-05,2021-06-25,70082,Done
1778,116,108,2020-12-26,2021-01-19,2021-01-09,3072,Done
1779,475,100,2020-12-27,2021-01-17,2020-12-27,3843,Done
1780,350,1,2020-12-28,2021-02-05,2021-09-07,124623,Done
1781,275,126,2020-12-28,2021-02-19,2021-05-28,265773,Broken
1782,266,67,2021-01-01,2021-01-02,2021-01-20,5280,Done
1783,202,14,2021-01-07,2021-01-30,2021-02-14,122988,Broken
1784,40,160,2021-01-12,2021-01-13,2021-12-07,111305,Done
1785,355,42,2021-01-13,2021-02-01,2021-07-13,44440,Done
1786,483,116,2021-01-14,2021-02-19,2021-01-31,2088,Done
1787,73,57,2021-01-17,2021-01-22,2021-04-07,34270,Done
1788,441,138,2021-01-19,2021-03-15,2021-06-17,21231,Done
1789,287,67,2021-01-21,2021-01-24,2021-02-25,9504,Done
1790,199,100,2021-01-21,2021-02-10,2022-02-13,205692,Done
1791,335,39,2021-01-22,2021-02-04,2021-12-25,191090,Done
1792,334,33,2021-01-23,2021-03-17,2021-01-23,2756,Done
1793,310,66,2021-01-25,2021-02-12,2021-03-19,9963,Done
1794,153,46,2021-01-25,2021-03-24,2021-04-11,10640,Done
1795,401,120,2021-01-27,2021-02-28,2021-11-13,431839,Broken
1796,77,37,2021-01-28,2021-02-23,2021-01-28,4108,Done
1797,254,195,2021-01-30,2021-02-14,2021-01-30,2040,Done
1798,55,155,2021-01-31,2021-02-06,2021-02-11,2688,Done
1799,341,123,2021-01-31,2021-02-11,2021-03-28,14454,Done
1800,75,51,2021-02-01,2021-03-31,2021-04-12,4700,Done
1801,148,116,2021-02-01,2021-02-01,2021-07-12,28014,Done
1802,99,96,2021-02-04,2021-02-12,2021-10-21,43377,Done
1803,193,148,2021-02-04,2021-02-05,2021-02-04,110,Done
1804,83,25,2021-02-05,2021-03-05,2021-08-07,37468,Done
1805,391,168,2021-02-08,2021-02-13,2022-06-19,158146,Done
1806,279,53,2021-02-11,2021-02-11,2022-04-20,714199,Broken
1807,444,133,2021-02-13,2021-03-02,2021-03-18,487436,Broken
1808,126,48,2021-02-14,2021-02-18,2021-03-09,11285,Done
1809,287,103,2021-02-15,2021-04-06,2021-03-26,9900,Done
1810,423,129,2021-02-17,2021-03-02,2021-03-27,10120,Done
1811,370,163,2021-02-21,2021-04-12,2021-02-24,8300,Done
1812,318,81,2021-02-22,2021-03-11,2021-03-29,7171,Done
1813,202,29,2021-02-26,2021-04-12,2021-05-10,23478,Done
1814,393,162,2021-02-28,2021-05-02,2021-03-25,11592,Done
1815,190,82,2021-03-02,2021-03-26,2021-03-03,4344,Done
1816,499,155,2021-03-02,2021-03-04,2021-05-08,279235,Broken
1817,12,118,2021-03-05,2021-03-11,2021-06-23,61374,Done
1818,79,158,2021-03-05,2021-03-08,2021-05-17,42600,Done
1819,455,50,2021-03-06,2021-03-30,2021-12-22,102300,Done
1820,410,136,2021-03-06,2021-03-20,2022-01-19,405519,Broken
1821,304,171,2021-03-08,2021-04-06,2021-12-13,133722,Done
1822,34,82,2021-03-10,2021-03-18,2021-03-10,1448,Done
1823,398,141,2021-03-13,2021-03-17,2021-03-15,536,Done
1824,362,131,2021-03-17,2021-04-01,2021-05-15,9702,Done
1825,183,4,2021-03-19,2021-04-21,2021-07-18,450571,Broken
1826,58,18,2021-03-20,2021-03-23,2021-04-27,144075,Broken
1827,200,133,2021-03-20,2021-05-12,2021-06-15,11780,Done
1828,273,156,2021-03-20,2021-03-28,2021-03-20,992,Done
1829,379,45,2021-03-21,2021-03-27,2021-03-21,330,Done
1830,420,143,2021-03-23,2021-03-29,2021-03-23,804,Done
1831,218,149,2021-03-23,2021-04-26,2021-12-23,96139,Done
1832,410,79,2021-03-26,2021-03-31,2021-09-13,89534,Done
1833,31,163,2021-03-30,2021-04-15,2021-09-19,80842,Done
1834,55,182,2021-03-30,2021-04-20,2021-03-30,2373,Done
1835,252,185,2021-03-30,2021-04-08,2021-06-17,37887,Done
1836,123,154,2021-03-31,2021-05-19,2021-07-20,40655,Done
1837,351,70,2021-04-02,2021-05-05,2021-04-02,2343,Done
1838,276,48,2021-04-06,2021-04-24,2021-08-08,62160,Done
1839,181,84,2021-04-11,2021-04-24,2021-04-11,2561,Done
1840,247,124,2021-04-13,2021-05-14,2021-04-13,5456,Done
1841,344,73,2021-04-18,2021-05-18,2021-06-14,301517,Broken
1842,333,43,2021-04-21,2021-06-04,2021-04-21,111162,Broken
1843,121,59,2021-04-26,2021-05-05,2021-05-09,324464,Broken
1844,8,61,2021-04-27,2021-05-23,2021-06-14,491683,Broken
1845,135,74,2021-04-29,2021-05-11,2021-05-14,1323,Done
1846,242,14,2021-05-03,2021-05-03,2021-07-20,139090,Broken
1847,481,31,2021-05-03,2021-05-16,2021-08-01,41968,Done
1848,119,108,2021-05-04,2021-06-12,2021-05-04,4992,Done
1849,441,123,2021-05-06,2021-05-20,2021-05-06,1386,Done
1850,20,68,2021-05-07,2021-06-03,2021-07-18,10044,Done
1851,354,51,2021-05-10,2021-07-19,2021-05-16,3500,Done
1852,208,173,2021-05-11,2021-07-12,2021-05-11,4216,Done
1853,363,26,2021-05-12,2021-05-24,2021-07-16,448073,Broken
1854,47,55,2021-05-13,2021-06-04,2021-05-28,3542,Done
1855,472,104,2021-05-15,2021-05-18,2021-05-15,474,Done
1856,207,92,2021-05-16,2021-07-05,2021-05-25,312198,Broken
1857,175,183,2021-05-18,2021-06-08,2021-07-15,12012,Done
1858,130,189,2021-05-18,2021-05-24,2021-08-28,20580,Done
1859,192,95,2021-05-18,2021-05-19,2021-05-18,269830,Broken
1860,128,87,2021-05-21,2021-06-18,2023-03-28,185368,Done
1861,179,44,2021-05-23,2021-05-28,2021-05-25,525,Done
1862,316,121,2021-05-24,2021-06-01,2021-06-07,3250,Done
1863,398,89,2021-05-26,2021-06-25,2021-06-21,1560,Done
1864,160,193,2021-05-27,2021-06-11,2021-05-27,1350,Done
1865,252,70,2021-05-30,2021-07-09,2022-08-27,426876,Broken
1866,462,66,2021-05-30,2021-06-24,2021-06-18,2025,Done
1867,148,44,2021-06-01,2021-06-11,2021-07-02,7665,Done
1868,395,156,2021-06-01,2021-06-01,2023-05-16,265608,Done
1869,462,97,2021-06-01,2021-06-16,2021-06-14,1335,Done
1870,242,178,2021-06-04,2021-07-11,2021-10-16,58384,Done
1871,351,46,2021-06-05,2021-06-29,2021-08-07,175766,Broken
1872,489,140,2021-06-07,2021-06-11,2021-06-19,3052,Done
1873,199,55,2021-06-10,2021-06-12,2021-07-17,17227,Done
1874,401,164,2021-06-10,2021-06-19,2021-06-10,489263,Broken
1875,325,148,2021-06-10,2021-06-23,2021-12-19,60500,Done
1876,129,164,2021-06-12,2021-07-10,2021-06-12,3752,Done
1877,352,153,2021-06-13,2021-06-25,2021-08-28,34476,Done
1878,413,182,2021-06-14,2021-07-16,2021-06-26,3616,Done
1879,360,121,2021-06-15,2021-07-11,2023-03-04,228625,Done
1880,50,103,2021-06-22,2021-06-27,2021-06-22,990,Done
1881,245,66,2021-06-22,2021-06-22,2021-07-27,8505,Done
1882,230,182,2021-06-27,2021-07-06,2021-10-12,304978,Broken
1883,492,76,2021-06-28,2021-08-31,2021-10-07,135089,Broken
1884,151,102,2021-07-01,2021-07-31,2021-09-05,17112,Done
1885,382,192,2021-07-01,2021-08-08,2021-08-05,3800,Done
1886,277,185,2021-07-01,2021-07-02,2021-09-19,433814,Broken
1887,467,125,2021-07-01,2021-07-11,2021-09-04,23800,Done
1888,371,29,2021-07-04,2021-08-03,2021-12-17,79716,Done
1889,329,58,2021-07-06,2021-07-16,2021-12-30,98112,Done
1890,397,124,2021-07-06,2021-07-15,2022-05-16,162624,Done
1891,324,111,2021-07-07,2021-07-13,2021-08-18,20064,Done
1892,22,115,2021-07-07,2021-08-20,2021-09-23,11826,Done
1893,199,73,2021-07-10,2021-07-16,2022-10-28,120105,Done
1894,497,188,2021-07-11,2021-07-24,2022-01-21,56156,Done
1895,346,162,2021-07-12,2021-08-29,2021-09-04,12144,Done
1896,271,200,2021-07-17,2021-08-31,2021-09-20,13860,Done
1897,166,86,2021-07-18,2021-07-28,2022-10-10,124738,Done
1898,416,4,2021-07-19,2021-08-15,2022-02-07,88800,Done
1899,227,165,2021-07-19,2021-08-06,2021-10-05,37422,Done
1900,247,183,2021-07-19,2021-08-11,2021-07-20,2093,Done
1901,7,117,2021-07-21,2021-08-25,2021-08-02,115623,Broken
1902,38,183,2021-07-24,2021-07-30,2022-07-29,99918,Done
1903,458,94,2021-07-24,2021-07-25,2022-03-14,89913,Done
1904,212,2,2021-07-29,2021-08-09,2021-09-05,9200,Done
1905,410,61,2021-07-31,2021-08-19,2022-02-20,114800,Done
1906,115,57,2021-08-03,2021-08-19,2021-08-08,419725,Broken
1907,156,139,2021-08-03,2021-08-28,2022-06-03,74994,Done
1908,63,54,2021-08-07,2021-08-12,2021-10-31,46060,Done
1909,357,128,2021-08-07,2021-09-10,2022-01-29,75405,Done
1910,472,16,2021-08-07,2021-08-09,2022-03-21,114580,Done
1911,132,9,2021-08-08,2021-08-12,2021-11-05,374571,Broken
1912,460,13,2021-08-09,2021-08-18,2021-08-26,4191,Done
1913,497,57,2021-08-12,2021-10-27,2021-08-20,11324,Done
1914,488,47,2021-08-13,2021-08-25,2022-05-01,128271,Done
1915,308,97,2021-08-13,2021-08-19,2021-10-08,13884,Done
1916,19,184,2021-08-16,2021-08-22,2022-10-11,167634,Done
1917,183,155,2021-08-16,2021-09-03,2021-08-22,256323,Broken
1918,332,89,2021-08-16,2021-10-29,2021-08-16,3848,Done
1919,107,122,2021-08-18,2021-10-07,2021-08-18,5900,Done
1920,372,89,2021-08-18,2021-10-11,2022-04-26,33540,Done
1921,88,93,2021-08-20,2021-08-24,2022-05-23,566576,Broken
1922,328,48,2021-08-22,2021-08-28,2021-10-23,32190,Done
1923,431,32,2021-08-22,2021-08-31,2023-11-04,186732,Done
1924,58,57,2021-08-27,2021-10-05,2023-03-12,239592,Done
1925,281,13,2021-08-28,2021-08-30,2021-08-28,254,Done
1926,232,153,2021-08-29,2021-11-04,2021-09-10,276252,Broken
1927,268,67,2021-08-30,2021-09-30,2021-09-11,468641,Broken
1928,139,189,2021-08-30,2021-09-05,2021-08-30,420,Done
1929,390,116,2021-08-31,2021-10-17,2021-09-25,2726,Done
1930,18,103,2021-08-31,2021-09-03,2021-08-31,594,Done
1931,31,44,2021-09-01,2021-09-03,2023-03-18,176925,Done
1932,226,192,2021-09-04,2021-09-19,2022-09-19,111000,Done
1933,367,106,2021-09-04,2021-09-06,2022-09-25,128094,Done
1934,118,155,2021-09-04,2021-09-15,2021-11-22,281539,Broken
1935,212,187,2021-09-05,2021-09-07,2021-09-24,6943,Done
1936,381,118,2021-09-06,2021-09-21,2021-11-11,32424,Done
1937,320,12,2021-09-07,2021-09-07,2021-09-07,0,Done
1938,331,22,2021-09-09,2021-09-10,2023-04-11,289745,Done
1939,130,117,2021-09-10,2021-10-29,2021-09-21,6321,Done
1940,138,103,2021-09-12,2021-09-21,2021-10-30,231210,Broken
1941,178,33,2021-09-15,2021-09-16,2021-09-21,481637,Broken
1942,352,162,2021-09-15,2021-10-22,2022-03-22,540251,Broken
1943,48,5,2021-09-17,2021-10-07,2021-09-17,1520,Done
1944,283,67,2021-09-17,2021-11-01,2021-10-20,4320,Done
1945,153,195,2021-09-20,2021-10-06,2021-09-20,2176,Done
1946,151,55,2021-09-21,2021-10-13,2021-10-08,3542,Done
1947,481,173,2021-09-21,2021-09-21,2021-11-09,9996,Done
1948,343,36,2021-09-21,2021-10-05,2021-11-19,10281,Done
1949,18,59,2021-09-22,2021-09-22,2021-12-08,41118,Done
1950,324,153,2021-09-23,2021-09-23,2021-09-23,0,Done
1951,218,95,2021-09-23,2021-11-06,2021-09-23,272066,Broken
1952,339,18,2021-09-24,2021-10-17,2021-12-17,33784,Done
1953,84,17,2021-09-24,2021-10-25,2022-06-14,125771,Done
1954,230,117,2021-09-26,2021-10-21,2022-03-09,57018,Done
1955,243,195,2021-09-26,2021-11-04,2022-01-22,37536,Done
1956,348,92,2021-09-27,2021-10-05,2023-02-21,118560,Done
1957,365,28,2021-09-29,2021-10-05,2022-05-23,104400,Done
1958,263,108,2021-10-02,2021-10-02,2021-10-02,0,Done
1959,265,146,2021-10-03,2021-11-03,2021-10-03,2573,Done
1960,202,90,2021-10-06,2021-10-24,2021-11-28,443098,Broken
1961,345,151,2021-10-08,2021-10-20,2021-10-09,2208,Done
1962,396,140,2021-10-09,2021-10-15,2021-10-26,4251,Done
1963,122,165,2021-10-10,2021-10-11,2021-10-26,8694,Done
1964,404,185,2021-10-11,2021-10-11,2021-10-12,519,Done
1965,313,129,2021-10-13,2021-11-10,2021-12-07,12535,Done
1966,227,187,2021-10-16,2021-11-16,2021-10-18,4061,Done
1967,204,55,2021-10-17,2021-10-21,2022-01-14,41699,Done
1968,301,60,2021-10-19,2021-10-22,2021-10-19,371039,Broken
1969,46,187,2021-10-20,2021-10-27,2021-12-07,17030,Done
1970,127,181,2021-10-22,2021-11-15,2022-07-24,106449,Done
1971,219,199,2021-10-26,2021-10-30,2021-10-31,222819,Broken
1972,429,165,2021-10-27,2021-11-21,2021-12-05,466435,Broken
1973,385,145,2021-10-28,2021-12-16,2021-12-04,5145,Done
1974,391,48,2021-10-30,2021-11-08,2021-10-31,1665,Done
1975,352,157,2021-11-01,2021-11-30,2022-07-09,80964,Done
1976,343,48,2021-11-02,2021-11-13,2021-11-02,474088,Broken
1977,273,197,2021-11-02,2021-12-14,2021-11-24,5838,Done
1978,310,115,2021-11-03,2021-11-06,2021-12-02,6561,Done
1979,468,190,2021-11-05,2021-11-27,2022-02-23,41184,Done
1980,406,114,2021-11-12,2021-11-14,2021-11-12,316,Done
1981,359,12,2021-11-14,2021-11-22,2022-01-11,24332,Done
1982,364,2,2021-11-14,2021-12-13,2022-01-25,15800,Done
1983,330,99,2021-11-15,2021-11-18,2021-11-15,294,Done
1984,220,27,2021-11-17,2021-11-18,2021-12-07,9454,Done
1985,370,138,2021-11-18,2021-11-20,2022-01-19,11466,Done
1986,382,125,2021-11-18,2021-12-04,2022-06-21,83368,Done
1987,193,199,2021-11-18,2021-12-26,2023-02-21,375865,Broken
1988,187,95,2021-11-19,2021-11-28,2021-11-19,468,Done
1989,469,196,2021-11-19,2021-11-19,2022-02-12,492909,Broken
1990,409,118,2021-11-19,2021-12-08,2022-04-10,74884,Done
1991,195,182,2021-11-20,2021-12-02,2021-12-14,5424,Done
1992,77,163,2021-11-20,2021-12-28,2021-11-20,6308,Done
1993,477,113,2021-11-21,2021-12-25,2022-02-26,43931,Done
1994,118,186,2021-11-22,2021-12-18,2021-11-24,1300,Done
1995,231,83,2021-11-24,2021-12-11,2022-04-18,35288,Done
1996,422,186,2021-11-25,2021-12-29,2022-09-13,40400,Done
1997,310,52,2021-11-29,2021-12-20,2021-12-26,5850,Done
1998,164,76,2021-11-30,2022-01-04,2022-06-06,28652,Done
1999,398,122,2021-12-03,2021-12-28,2021-12-03,2950,Done
2000,18,109,2021-12-03,2021-12-08,2022-01-05,13172,Done
2001,449,66,2021-12-05,2022-01-25,2021-12-17,4131,Done
2002,433,165,2021-12-06,2022-01-18,2021-12-27,8127,Done
2003,93,30,2021-12-06,2021-12-19,2021-12-07,2522,Done
2004,55,90,2021-12-07,2021-12-07,2021-12-24,7854,Done
2005,236,33,2021-12-08,2021-12-12,2022-07-26,35464,Done
2006,189,122,2021-12-09,2022-01-22,2021-12-09,5192,Done
2007,352,114,2021-12-10,2021-12-12,2021-12-15,1738,Done
2008,114,30,2021-12-11,2022-02-05,2022-11-11,173242,Done
2009,314,72,2021-12-12,2022-01-04,2022-09-12,50440,Done
2010,116,60,2021-12-12,2022-01-22,2022-03-06,11560,Done
2011,427,1,2021-12-13,2021-12-15,2022-04-30,276026,Broken
2012,195,187,2021-12-13,2021-12-13,2021-12-31,7074,Done
2013,46,99,2021-12-17,2021-12-18,2021-12-18,98,Done
2014,415,96,2021-12-17,2021-12-20,2022-01-03,2565,Done
2015,158,97,2021-12-17,2022-01-05,2021-12-25,1691,Done
2016,201,27,2021-12-18,2022-01-17,2023-01-09,179463,Done
2017,151,54,2021-12-24,2021-12-25,2022-02-04,23312,Done
2018,75,18,2021-12-26,2021-12-27,2022-01-14,135383,Broken
2019,167,114,2021-12-27,2022-02-12,2022-02-26,405495,Broken
2020,320,99,2021-12-27,2022-01-26,2023-08-26,663780,Broken
2021,126,175,2021-12-29,2022-01-09,2022-03-05,15488,Done
2022,327,182,2021-12-29,2022-01-09,2022-03-02,18871,Done
2023,22,135,2021-12-30,2022-01-12,2022-03-11,32164,Done
2024,457,34,2021-12-31,2022-01-12,2022-02-17,19320,Done
2025,455,132,2022-01-01,2022-01-09,2022-03-04,31110,Done
2026,52,187,2022-01-02,2022-01-12,2022-01-02,432339,Broken
2027,278,172,2022-01-03,2022-02-18,2023-09-15,556772,Broken
2028,185,102,2022-01-04,2022-01-14,2022-05-16,46624,Done
2029,26,174,2022-01-05,2022-01-26,2022-07-27,81081,Done
2030,337,109,2022-01-07,2022-01-22,2022-01-30,5772,Done
2031,204,75,2022-01-09,2022-02-12,2022-01-09,476757,Broken
2032,181,40,2022-01-09,2022-01-20,2022-01-09,1254,Done
2033,162,179,2022-01-10,2022-01-11,2022-01-10,150,Done
2034,464,155,2022-01-12,2022-02-04,2022-06-09,50944,Done
2035,393,110,2022-01-15,2022-01-29,2022-02-03,3422,Done
2036,203,97,2022-01-17,2022-01-24,2022-01-17,623,Done
2037,392,131,2022-01-19,2022-02-19,2022-01-19,2046,Done
2038,448,180,2022-01-22,2022-04-08,2022-02-07,5092,Done
2039,88,29,2022-01-23,2022-02-10,2022-02-13,4914,Done
2040,24,43,2022-01-23,2022-01-23,2022-03-18,23814,Done
2041,98,26,2022-01-25,2022-03-20,2022-06-22,35280,Done
2042,481,166,2022-01-26,2022-02-16,2022-08-18,37620,Done
2043,366,144,2022-01-29,2022-02-27,2022-03-07,5194,Done
2044,26,59,2022-01-30,2022-02-28,2022-04-27,356860,Broken
2045,55,189,2022-02-04,2022-02-15,2023-03-03,544198,Broken
2046,500,128,2022-02-04,2022-03-05,2022-03-31,17655,Done
2047,287,136,2022-02-05,2022-03-09,2022-02-05,3040,Done
2048,393,41,2022-02-05,2022-02-07,2022-10-13,140248,Done
2049,148,173,2022-02-05,2022-02-08,2022-02-16,1836,Done
2050,57,167,2022-02-07,2022-02-12,2022-02-23,7486,Done
2051,245,96,2022-02-11,2022-02-25,2022-05-29,16701,Done
2052,184,66,2022-02-11,2022-03-21,2022-02-23,3078,Done
2053,302,138,2022-02-15,2022-03-01,2022-07-23,28098,Done
2054,432,34,2022-02-19,2022-03-11,2022-06-05,44758,Done
2055,255,185,2022-02-21,2022-02-27,2023-01-21,171270,Done
2056,450,29,2022-02-22,2022-02-27,2022-05-03,263228,Broken
2057,430,110,2022-02-22,2022-03-07,2022-02-22,1534,Done
2058,337,74,2022-02-22,2022-02-22,2022-02-22,0,Done
2059,443,61,2022-02-25,2022-04-12,2022-02-25,9200,Done
2060,204,25,2022-03-01,2022-03-09,2022-06-04,188498,Broken
2061,364,38,2022-03-01,2022-03-08,2022-03-01,609,Done
2062,334,153,2022-03-01,2022-03-21,2022-03-29,7436,Done
2063,429,195,2022-03-01,2022-03-21,None,,Rented
2064,205,65,2022-03-03,2022-03-04,2023-03-26,182434,Done
2065,96,111,2022-03-11,2022-03-24,2022-03-11,2288,Done
2066,405,39,2022-03-11,2022-05-02,2022-03-11,10088,Done
2067,13,52,2022-03-12,2022-03-12,2022-07-16,56700,Done
2068,63,84,2022-03-12,2022-03-16,2022-05-01,27974,Done
2069,191,80,2022-03-15,2022-03-19,2022-09-23,32944,Done
2070,454,182,2022-03-16,2022-05-26,2023-01-13,357410,Broken
2071,79,193,2022-03-17,2022-04-20,2022-03-21,3060,Done
2072,473,135,2022-03-17,2022-04-07,2022-03-20,3612,Done
2073,17,119,2022-03-20,2022-03-31,2022-07-21,40599,Done
2074,162,144,2022-03-21,2022-04-22,2022-03-26,3136,Done
2075,118,151,2022-03-23,2022-04-08,2022-04-23,11224,Done
2076,106,190,2022-03-24,2022-03-29,2023-07-02,199440,Done
2077,277,8,2022-03-25,2022-04-28,2022-03-25,4318,Done
2078,470,160,2022-03-27,2022-04-08,2022-10-19,387750,Broken
2079,68,94,2022-03-27,2022-06-08,2022-06-05,9417,Done
2080,220,110,2022-03-28,2022-04-07,2022-04-15,4012,Done
2081,482,60,2022-03-28,2022-03-30,2022-03-30,136,Done
2082,382,144,2022-03-29,2022-04-02,2022-08-23,42434,Done
2083,393,134,2022-04-01,2022-04-09,2022-10-12,112634,Done
2084,142,163,2022-04-02,2022-06-03,2022-04-02,410368,Broken
2085,276,197,2022-04-02,2022-05-12,2022-06-18,274807,Broken
2086,244,31,2022-04-02,2022-04-12,2022-05-19,20812,Done
2087,430,78,2022-04-04,2022-05-27,2022-04-24,7579,Done
2088,266,40,2022-04-05,2022-05-02,2022-04-05,3078,Done
2089,414,90,2022-04-05,2022-05-13,2022-04-05,5852,Done
2090,440,193,2022-04-06,2022-04-10,2022-04-06,360,Done
2091,291,66,2022-04-08,2022-05-06,2022-08-22,28512,Done
2092,476,105,2022-04-09,2022-04-09,2022-08-05,459505,Broken
2093,367,51,2022-04-14,2022-04-15,2022-04-14,50,Done
2094,164,18,2022-04-18,2022-05-10,2022-04-21,3608,Done
2095,118,126,2022-04-20,2022-05-21,2022-11-11,277515,Broken
2096,69,62,2022-04-22,2022-04-30,2022-12-29,95810,Done
2097,191,117,2022-04-26,2022-05-03,2022-05-16,5934,Done
2098,471,163,2022-04-28,2022-05-13,2022-06-07,14940,Done
2099,197,19,2022-05-02,2022-05-28,2022-05-02,2990,Done
2100,214,60,2022-05-03,2022-05-12,2022-05-03,612,Done
2101,364,35,2022-05-04,2022-06-12,2022-12-14,403573,Broken
2102,84,5,2022-05-09,2022-05-13,2022-07-17,15124,Done
2103,135,109,2022-05-10,2022-07-13,2022-07-12,389459,Broken
2104,13,18,2022-05-10,2022-05-16,2022-07-11,154899,Broken
2105,275,43,2022-05-11,2022-05-20,2022-07-10,23814,Done
2106,251,46,2022-05-12,2022-05-15,2022-05-12,285,Done
2107,482,82,2022-05-12,2022-05-25,2022-05-15,110382,Broken
2108,381,128,2022-05-17,2022-06-06,2022-05-17,3300,Done
2109,375,54,2022-05-17,2022-05-21,2022-05-17,752,Done
2110,252,55,2022-05-19,2022-05-26,2022-07-30,32522,Done
2111,415,83,2022-05-20,2022-05-25,2022-12-10,52976,Done
2112,292,145,2022-05-21,2022-06-08,2023-05-18,110250,Done
2113,55,120,2022-05-21,2022-06-23,2022-05-29,1782,Done
2114,352,29,2022-05-22,2022-07-13,2022-08-07,23114,Done
2115,181,46,2022-05-22,2022-05-30,2022-05-22,760,Done
2116,450,84,2022-05-23,2022-07-25,2022-05-26,12411,Done
2117,424,117,2022-05-24,2022-06-20,2022-07-24,16641,Done
2118,484,115,2022-05-26,2022-06-16,2023-05-07,80676,Done
2119,165,162,2022-05-26,2022-05-26,2022-08-29,52440,Done
2120,240,85,2022-05-27,2022-06-02,2023-04-25,73038,Done
2121,153,167,2022-05-29,2022-06-18,2022-09-02,48856,Done
2122,461,54,2022-05-29,2022-06-03,2022-09-14,59032,Done
2123,9,128,2022-05-29,2022-06-08,2022-06-16,5610,Done
2124,258,191,2022-06-01,2022-06-19,2022-06-01,3492,Done
2125,31,110,2022-06-01,2022-07-22,2022-06-01,6018,Done
2126,213,120,2022-06-02,2022-07-08,2022-06-05,1944,Done
2127,11,49,2022-06-04,2022-06-16,2022-10-29,528710,Broken
2128,345,96,2022-06-05,2022-08-11,2022-06-15,133620,Broken
2129,446,135,2022-06-07,2022-06-27,2022-06-07,3440,Done
2130,39,131,2022-06-08,2022-06-12,2022-07-15,312938,Broken
2131,5,108,2022-06-09,2022-06-15,2022-06-09,768,Done
2132,476,110,2022-06-09,2022-07-07,2023-06-03,120478,Done
2133,460,155,2022-06-10,2022-07-09,2022-06-10,3712,Done
2134,256,146,2022-06-10,2022-07-07,2022-07-26,6972,Done
2135,433,191,2022-06-10,2022-06-19,2022-06-10,1746,Done
2136,149,21,2022-06-10,2022-06-14,2022-06-10,472,Done
2137,201,140,2022-06-13,2022-06-22,2022-06-16,981,Done
2138,422,93,2022-06-13,2022-08-20,2023-01-07,96136,Done
2139,492,77,2022-06-14,2022-06-16,2023-11-07,165132,Done
2140,34,31,2022-06-14,2022-07-23,2022-06-14,6708,Done
2141,388,113,2022-06-15,2022-07-12,2022-06-15,191988,Broken
2142,289,78,2022-06-16,2022-07-12,2022-06-18,3718,Done
2143,442,61,2022-06-17,2022-06-17,2022-07-31,26400,Done
2144,41,128,2022-06-18,2022-08-02,2022-06-18,7425,Done
2145,59,19,2022-06-19,2022-07-20,2022-08-14,12190,Done
2146,335,84,2022-06-22,2022-07-04,2022-08-13,26004,Done
2147,98,101,2022-06-25,2022-06-29,2022-06-25,320,Done
2148,103,132,2022-06-26,2022-07-13,2023-02-12,484550,Broken
2149,31,153,2022-06-27,2022-07-01,2022-07-09,4732,Done
2150,386,15,2022-06-30,2022-07-06,2022-06-30,408,Done
2151,494,187,2022-07-01,2022-07-07,2022-07-18,436138,Broken
2152,278,173,2022-07-05,2022-09-02,2022-10-18,481146,Broken
2153,388,124,2022-07-06,2022-07-30,2022-10-08,41184,Done
2154,68,34,2022-07-07,2022-07-18,2022-08-30,22540,Done
2155,95,76,2022-07-07,2022-07-31,2022-11-15,20010,Done
2156,196,89,2022-07-07,2022-08-10,2023-11-09,72904,Done
2157,292,60,2022-07-09,2022-09-10,2022-07-16,4284,Done
2158,125,164,2022-07-10,2022-07-22,2022-07-10,1608,Done
2159,68,176,2022-07-18,2022-07-25,2022-09-09,13485,Done
2160,354,60,2022-07-19,2022-09-15,2022-08-26,3944,Done
2161,313,113,2022-07-20,2022-08-03,2023-04-01,145189,Done
2162,226,12,2022-07-20,2022-07-24,2022-07-20,616,Done
2163,45,187,2022-07-21,2022-07-24,2022-12-12,55806,Done
2164,291,153,2022-07-21,2022-07-26,2022-07-21,845,Done
2165,311,10,2022-07-22,2022-07-30,2022-09-03,14803,Done
2166,107,153,2022-07-22,2022-08-02,2022-10-26,309883,Broken
2167,186,129,2022-07-22,2022-08-13,2022-11-17,35650,Done
2168,204,90,2022-07-23,2022-07-28,2023-01-10,77462,Done
2169,483,101,2022-07-23,2022-09-01,2022-12-13,27920,Done
2170,375,164,2022-07-24,2022-07-28,2022-09-04,15812,Done
2171,420,31,2022-07-25,2022-08-30,2022-07-25,6192,Done
2172,37,175,2022-07-29,2022-08-04,2022-07-29,528,Done
2173,498,6,2022-07-30,2022-08-17,2022-07-30,168466,Broken
2174,80,94,2022-08-04,2022-09-11,2022-08-09,4902,Done
2175,249,154,2022-08-05,2022-08-18,2023-04-12,125252,Done
2176,318,1,2022-08-07,2022-09-23,2022-12-01,46482,Done
2177,316,119,2022-08-09,2022-09-24,2023-08-04,115596,Done
2178,150,75,2022-08-10,2022-09-21,2022-08-15,2604,Done
2179,108,2,2022-08-10,2022-08-11,2023-01-14,46900,Done
2180,221,196,2022-08-15,2022-09-11,2022-09-22,6240,Done
2181,360,82,2022-08-16,2022-08-23,2023-04-25,134302,Done
2182,272,94,2022-08-17,2022-08-28,2022-12-25,47472,Done
2183,245,175,2022-08-18,2022-08-25,2022-09-11,5104,Done
2184,369,51,2022-08-20,2022-08-27,2022-12-27,18650,Done
2185,459,197,2022-08-21,2022-08-30,2022-08-24,255069,Broken
2186,145,81,2022-08-22,2022-09-28,2023-08-05,97970,Done
2187,96,84,2022-08-23,2022-08-26,2022-12-31,514279,Broken
2188,305,131,2022-08-24,2022-09-02,2022-10-22,10494,Done
2189,221,174,2022-08-24,2022-09-09,2023-01-07,53768,Done
2190,398,104,2022-08-25,2022-08-27,2022-08-25,316,Done
2191,192,28,2022-08-26,2022-08-27,2022-09-06,4650,Done
2192,280,104,2022-08-26,2022-10-02,2023-02-27,537793,Broken
2193,285,33,2022-08-26,2022-08-31,2022-10-09,6344,Done
2194,95,138,2022-08-27,2022-09-02,2022-10-16,8694,Done
2195,270,67,2022-08-28,2022-09-11,2022-12-22,30720,Done
2196,486,75,2022-08-29,2022-11-08,2022-09-27,4402,Done
2197,193,50,2022-08-30,2022-09-09,2022-09-12,394071,Broken
2198,390,165,2022-08-31,2022-08-31,2022-09-23,13041,Done
2199,364,61,2022-09-01,2022-09-18,2023-03-07,105400,Done
2200,276,105,2022-09-06,2022-10-22,2022-11-20,14231,Done
2201,421,120,2022-09-09,2022-09-24,2023-05-14,38394,Done
2202,415,6,2022-09-11,2022-10-30,2022-09-11,173271,Broken
2203,369,34,2022-09-11,2022-10-02,2022-09-12,3381,Done
2204,179,37,2022-09-12,2022-10-08,2023-08-09,596197,Broken
2205,176,78,2022-09-13,2022-09-20,2023-06-23,119405,Done
2206,195,19,2022-09-13,2022-11-06,2023-07-13,92115,Done
2207,147,63,2022-09-13,2022-09-27,2022-12-24,44480,Done
2208,87,50,2022-09-15,2022-11-04,2022-09-15,397915,Broken
2209,428,34,2022-09-15,2022-10-06,2022-09-15,3381,Done
2210,9,198,2022-09-16,2022-10-20,2022-09-27,3162,Done
2211,379,25,2022-09-18,2022-09-18,2023-05-09,221178,Broken
2212,120,164,2022-09-19,2022-10-01,2022-09-19,1608,Done
2213,283,157,2022-09-21,2022-09-26,2022-12-02,24102,Done
2214,98,96,2022-09-22,2022-10-06,2022-09-29,798,Done
2215,160,117,2022-09-24,2022-11-03,2023-07-14,103071,Done
2216,209,80,2022-09-24,2022-10-02,2023-03-17,29348,Done
2217,109,47,2022-09-25,2022-10-01,2022-11-02,17238,Done
2218,178,17,2022-09-28,2022-11-12,2022-09-28,7785,Done
2219,342,142,2022-09-30,2022-10-08,2022-10-30,14060,Done
2220,286,39,2022-10-02,2022-11-20,2022-10-08,9506,Done
2221,393,177,2022-10-05,2022-11-18,2022-12-03,10858,Done
2222,355,118,2022-10-05,2022-11-05,2023-02-24,331778,Broken
2223,332,125,2022-10-06,2022-11-15,2022-10-30,5440,Done
2224,301,96,2022-10-07,2022-11-04,2022-10-07,131397,Broken
2225,65,8,2022-10-13,2022-10-18,2023-05-08,77597,Done
2226,304,7,2022-10-13,2022-12-06,2022-12-26,474729,Broken
2227,477,108,2022-10-14,2022-12-19,2023-02-21,33024,Done
2228,30,75,2022-10-14,2022-10-16,2022-10-14,124,Done
2229,50,53,2022-10-15,2022-10-17,2022-12-01,26304,Done
2230,110,179,2022-10-16,2022-12-07,2022-11-06,7800,Done
2231,338,79,2022-10-17,2022-10-17,2023-05-01,104664,Done
2232,329,10,2022-10-18,2022-10-30,2022-11-27,12576,Done
2233,108,144,2022-10-19,2022-11-01,2023-10-06,100940,Done
2234,51,109,2022-10-21,2022-11-04,2023-08-03,122840,Done
2235,440,66,2022-10-21,2022-11-07,2023-02-24,27864,Done
2236,300,143,2022-10-23,2022-10-25,2022-11-09,6298,Done
2237,96,34,2022-10-23,2022-11-03,2023-09-03,148603,Done
2238,364,148,2022-10-23,2022-10-24,2023-11-07,125180,Done
2239,124,176,2022-10-26,2022-10-28,2022-10-26,186,Done
2240,349,135,2022-10-28,2022-11-13,2022-10-28,2752,Done
2241,305,140,2022-10-29,2022-10-30,2023-01-03,21364,Done
2242,86,192,2022-10-29,2022-12-18,2022-11-14,338918,Broken
2243,435,135,2022-11-01,2022-12-03,2022-11-01,5504,Done
2244,442,42,2022-11-02,2022-11-11,2022-11-22,3696,Done
2245,131,180,2022-11-04,2022-11-25,2022-11-04,1407,Done
2246,369,165,2022-11-07,2022-11-22,2023-03-19,69174,Done
2247,271,200,2022-11-08,2022-11-08,2023-01-05,22968,Done
2248,198,49,2022-11-09,2022-11-09,2023-05-13,92130,Done
2249,428,75,2022-11-09,2022-11-24,2022-11-11,930,Done
2250,497,17,2022-11-11,2022-11-17,2023-01-21,155701,Broken
2251,91,55,2022-11-13,2022-11-15,2023-06-02,96439,Done
2252,116,134,2022-11-15,2022-12-22,2023-07-23,323184,Broken
2253,494,116,2022-11-18,2022-11-26,2023-08-31,48836,Done
2254,217,103,2022-11-18,2022-12-10,2023-01-18,233784,Broken
2255,19,45,2022-11-19,2022-12-15,2022-11-19,1430,Done
2256,35,180,2022-11-21,2022-12-22,2023-02-15,263333,Broken
2257,421,146,2022-11-23,2022-12-12,2023-05-14,39674,Done
2258,143,151,2022-11-24,2023-01-26,2022-11-24,11592,Done
2259,310,114,2022-11-26,2022-12-08,2023-03-09,45030,Done
2260,169,133,2022-11-28,2022-12-10,2023-02-01,12996,Done
2261,177,98,2022-11-29,2023-01-01,2022-11-30,140080,Broken
2262,69,137,2022-11-29,2022-12-09,2022-12-01,720,Done
2263,305,64,2022-12-02,2022-12-06,2023-01-04,9282,Done
2264,356,131,2022-12-05,2022-12-09,2023-09-07,54120,Done
2265,176,153,2022-12-07,2023-01-19,2023-02-07,16900,Done
2266,165,137,2022-12-08,2022-12-16,2023-08-24,54792,Done
2267,336,179,2022-12-11,2022-12-16,2023-05-07,275303,Broken
2268,458,39,2022-12-11,2022-12-20,2023-09-15,591615,Broken
2269,41,175,2022-12-11,2023-02-09,2022-12-11,5280,Done
2270,392,53,2022-12-15,2022-12-16,2023-02-28,42816,Done
2271,246,188,2022-12-17,2023-02-07,2023-05-27,38279,Done
2272,451,193,2022-12-27,2022-12-29,2023-01-03,1530,Done
2273,310,163,2022-12-28,2023-01-07,2023-01-16,6142,Done
2274,387,38,2022-12-31,2023-01-10,2023-02-15,10266,Done
2275,227,72,2023-01-06,2023-02-12,2023-10-06,48425,Done
2276,111,84,2023-01-06,2023-02-25,2023-09-17,130414,Done
2277,356,141,2023-01-11,2023-02-28,2023-02-27,6432,Done
2278,164,29,2023-01-14,2023-02-16,2023-01-14,6006,Done
2279,311,138,2023-01-17,2023-02-17,2023-04-17,13104,Done
2280,399,33,2023-01-17,2023-02-07,2023-02-18,2808,Done
2281,185,63,2023-01-17,2023-01-19,2023-06-12,69440,Done
2282,372,171,2023-01-19,2023-01-25,2023-05-24,62073,Done
2283,291,52,2023-01-20,2023-01-29,2023-01-26,1350,Done
2284,436,43,2023-01-21,2023-02-24,2023-05-07,36750,Done
2285,324,102,2023-01-25,2023-02-18,2023-02-22,4464,Done
2286,39,200,2023-01-26,2023-02-25,2023-05-01,29700,Done
2287,148,184,2023-01-27,2023-02-02,2023-06-04,49848,Done
2288,186,30,2023-01-28,2023-01-30,2023-08-17,116206,Done
2289,497,7,2023-01-30,2023-02-12,2023-02-01,2119,Done
2290,30,67,2023-02-02,2023-02-04,2023-06-20,39360,Done
2291,315,140,2023-02-03,2023-02-08,2023-06-05,38804,Done
2292,66,130,2023-02-04,2023-02-10,2023-02-19,2343,Done
2293,486,26,2023-02-09,2023-02-24,2023-02-11,1575,Done
2294,54,98,2023-02-10,2023-03-03,2023-02-10,2478,Done
2295,426,159,2023-02-11,2023-02-17,2023-02-18,183650,Broken
2296,21,182,2023-02-12,2023-02-19,2023-03-06,5876,Done
2297,439,47,2023-02-13,2023-02-22,2023-05-27,49179,Done
2298,32,7,2023-02-16,2023-02-19,2023-02-28,4890,Done
2299,141,164,2023-02-16,2023-02-23,2023-08-19,72092,Done
2300,452,163,2023-02-16,2023-02-24,2023-10-30,124832,Done
2301,288,9,2023-02-17,2023-03-13,2023-04-30,9072,Done
2302,441,168,2023-02-18,2023-04-03,None,,Rented
2303,8,40,2023-02-19,2023-02-19,2023-10-04,77634,Done
2304,229,64,2023-02-21,2023-02-28,2023-06-02,29478,Done
2305,75,158,2023-02-23,2023-02-26,2023-09-30,130200,Done
2306,340,185,2023-02-26,2023-03-18,2023-03-03,3460,Done
2307,222,159,2023-02-27,2023-03-01,2023-10-25,85920,Done
2308,212,98,2023-03-03,2023-04-25,2023-03-03,6254,Done
2309,262,17,2023-03-05,2023-04-23,2023-07-22,55187,Done
2310,124,41,2023-03-09,2023-03-15,2023-07-30,78396,Done
2311,452,66,2023-03-10,2023-04-01,2023-03-10,1782,Done
2312,418,108,2023-03-10,2023-05-07,2023-08-12,44672,Done
2313,265,92,2023-03-13,2023-03-17,2023-03-13,312,Done
2314,319,183,2023-03-14,2023-03-20,2023-03-17,470504,Broken
2315,172,167,2023-03-14,2023-04-19,2023-05-07,17730,Done
2316,476,33,2023-03-15,2023-05-10,2023-09-10,22100,Done
2317,148,90,2023-03-19,2023-04-20,2023-03-19,4928,Done
2318,354,2,2023-03-19,2023-03-21,2023-08-29,48500,Done
2319,497,122,2023-03-20,2023-04-27,2023-04-04,4484,Done
2320,212,162,2023-03-23,2023-03-23,2023-04-03,6072,Done
2321,362,38,2023-03-24,2023-04-07,2023-10-08,337921,Broken
2322,298,155,2023-03-24,2023-03-27,2023-03-24,384,Done
2323,93,42,2023-03-28,2023-04-26,2023-04-10,2552,Done
2324,51,20,2023-04-01,2023-05-24,2023-04-01,5830,Done
2325,334,142,2023-04-03,2023-05-16,2023-06-10,22420,Done
2326,218,86,2023-04-04,2023-04-21,2023-04-04,1598,Done
2327,250,153,2023-04-06,2023-05-16,2023-04-06,6760,Done
2328,161,199,2023-04-07,2023-04-26,2023-06-18,21004,Done
2329,248,133,2023-04-10,2023-04-11,2023-05-09,6460,Done
2330,481,104,2023-04-12,2023-04-20,2023-04-20,463059,Broken
2331,106,61,2023-04-12,2023-05-06,2023-04-12,4800,Done
2332,240,126,2023-04-12,2023-05-19,2023-07-08,10659,Done
2333,218,193,2023-04-16,2023-04-22,None,,Rented
2334,364,73,2023-04-19,2023-05-19,2023-10-09,39015,Done
2335,96,124,2023-04-23,2023-05-01,2023-11-12,104368,Done
2336,114,101,2023-04-23,2023-05-01,2023-08-17,26560,Done
2337,234,111,2023-04-24,2023-05-12,2023-04-24,3168,Done
2338,79,151,2023-04-24,2023-07-05,2023-05-01,329239,Broken
2339,246,98,2023-04-25,2023-05-04,2023-04-25,1062,Done
2340,47,7,2023-04-26,2023-06-26,2023-05-19,466090,Broken
2341,355,31,2023-05-01,2023-06-07,2023-06-09,7396,Done
2342,178,186,2023-05-02,2023-05-25,2023-05-02,1150,Done
2343,466,150,2023-05-04,2023-05-12,2023-05-20,3200,Done
2344,130,70,2023-05-05,2023-06-13,2023-10-24,31098,Done
2345,6,104,2023-05-07,2023-06-11,2023-07-01,15010,Done
2346,367,182,2023-05-07,2023-06-10,2023-05-07,3842,Done
2347,455,151,2023-05-07,2023-05-17,2023-06-14,333287,Broken
2348,500,85,2023-05-09,2023-05-16,2023-06-06,5180,Done
2349,321,9,2023-05-10,2023-05-25,2023-05-10,810,Done
2350,361,141,2023-05-14,2023-06-27,2023-05-14,273791,Broken
2351,65,114,2023-05-15,2023-06-20,2023-06-05,397121,Broken
2352,217,197,2023-05-18,2023-05-21,2023-05-31,4587,Done
2353,248,127,2023-05-18,2023-05-22,2023-06-06,412206,Broken
2354,1,1,2023-05-19,2023-06-09,2023-07-31,32391,Done
2355,144,160,2023-05-19,2023-07-02,2023-06-23,4972,Done
2356,72,96,2023-05-21,2023-05-26,2023-07-30,11400,Done
2357,262,94,2023-05-22,2023-06-18,2023-06-11,3483,Done
2358,278,154,2023-05-23,2023-06-04,2023-09-12,53976,Done
2359,390,165,2023-05-23,2023-05-30,2023-06-04,4158,Done
2360,192,130,2023-05-26,2023-07-11,2023-05-26,3266,Done
2361,113,43,2023-05-27,2023-05-27,2023-07-03,16317,Done
2362,63,130,2023-05-27,2023-06-03,2023-05-27,274853,Broken
2363,22,4,2023-05-28,2023-07-07,2023-06-08,6400,Done
2364,470,82,2023-05-30,2023-06-01,None,,Rented
2365,218,135,2023-06-03,2023-07-19,2023-06-03,7912,Done
2366,424,198,2023-06-04,2023-06-08,2023-10-01,317699,Broken
2367,65,8,2023-06-05,2023-06-06,2023-07-07,11938,Done
2368,106,135,2023-06-05,2023-06-25,2023-06-05,3440,Done
2369,109,187,2023-06-06,2023-06-17,2023-07-09,10087,Done
2370,119,102,2023-06-06,2023-06-12,2023-06-15,1860,Done
2371,338,114,2023-06-07,2023-06-18,2023-07-25,19276,Done
2372,449,27,2023-06-08,2023-06-09,2023-07-21,20701,Done
2373,150,133,2023-06-08,2023-06-22,2023-06-24,1520,Done
2374,298,87,2023-06-09,2023-06-23,2023-08-26,19364,Done
2375,187,130,2023-06-11,2023-06-30,2023-06-13,1349,Done
2376,269,127,2023-06-12,2023-06-20,2023-07-05,9911,Done
2377,291,4,2023-06-13,2023-06-23,2023-09-27,47680,Done
2378,129,26,2023-06-14,2023-07-27,2023-07-26,4515,Done
2379,185,63,2023-06-17,2023-06-24,2023-06-27,2560,Done
2380,108,171,2023-06-17,2023-07-24,2023-09-14,363218,Broken
2381,380,125,2023-06-19,2023-06-28,2023-06-22,1224,Done
2382,51,145,2023-06-19,2023-06-23,2023-07-01,414051,Broken
2383,38,64,2023-06-19,2023-06-30,2023-10-30,38454,Done
2384,340,23,2023-06-20,2023-06-21,2023-06-20,61,Done
2385,326,68,2023-06-20,2023-07-13,2023-11-22,25978,Done
2386,175,165,2023-06-20,2023-07-06,2023-07-17,9261,Done
2387,346,79,2023-06-21,2023-07-03,2023-10-29,65148,Done
2388,215,55,2023-06-22,2023-07-17,2023-08-03,12236,Done
2389,24,130,2023-06-27,2023-08-24,2023-06-30,4118,Done
2390,245,25,2023-06-27,2023-07-05,2023-10-12,23180,Done
2391,12,10,2023-07-02,2023-08-02,2023-10-28,38252,Done
2392,285,63,2023-07-02,2023-07-17,2023-11-23,64320,Done
2393,322,155,2023-07-02,2023-08-01,2023-09-09,18816,Done
2394,398,150,2023-07-04,2023-08-08,2023-08-31,126850,Broken
2395,310,135,2023-07-07,2023-08-11,2023-11-09,52460,Done
2396,488,161,2023-07-07,2023-09-04,2023-07-14,11328,Done
2397,317,156,2023-07-09,2023-07-10,2023-07-09,124,Done
2398,176,184,2023-07-09,2023-07-10,2023-07-11,536,Done
2399,191,78,2023-07-11,2023-07-17,2023-11-19,54483,Done
2400,188,50,2023-07-13,2023-09-16,2023-09-16,8060,Done
2401,122,184,2023-07-14,2023-09-03,2023-07-19,6834,Done
2402,397,130,2023-07-15,2023-09-03,2023-07-25,3550,Done
2403,32,83,2023-07-15,2023-08-04,2023-08-06,2288,Done
2404,399,189,2023-07-16,2023-07-16,2023-08-15,6300,Done
2405,474,56,2023-07-17,2023-07-18,2023-08-30,11960,Done
2406,200,76,2023-07-19,2023-08-09,2023-07-29,126157,Broken
2407,181,65,2023-07-20,2023-07-25,2023-08-13,419802,Broken
2408,66,16,2023-07-22,2023-08-03,None,,Rented
2409,55,94,2023-07-23,2023-07-26,2023-07-23,387,Done
2410,460,197,2023-07-25,2023-07-27,2023-08-08,5282,Done
2411,105,174,2023-07-26,2023-08-12,2023-11-15,43186,Done
2412,452,138,2023-07-28,2023-08-09,2023-09-25,9639,Done
2413,192,53,2023-07-29,2023-08-19,2023-07-29,4032,Done
2414,263,18,2023-08-02,2023-09-04,2023-08-02,5412,Done
2415,77,140,2023-08-03,2023-08-22,2023-08-03,141533,Broken
2416,240,69,2023-08-06,2023-09-13,2023-08-06,2622,Done
2417,444,90,2023-08-07,2023-08-10,2023-08-07,462,Done
2418,331,103,2023-08-08,2023-09-02,2023-08-12,211212,Broken
2419,100,133,2023-08-09,2023-08-13,2023-10-31,500812,Broken
2420,419,134,2023-08-09,2023-08-22,2023-08-25,4378,Done
2421,147,197,2023-08-11,2023-08-27,2023-10-18,23908,Done
2422,408,103,2023-08-13,2023-10-05,2023-09-03,216756,Broken
2423,50,26,2023-08-19,2023-08-24,2023-10-06,14070,Done
2424,241,130,2023-08-19,2023-08-24,2023-08-25,568,Done
2425,341,51,2023-08-20,2023-08-24,2023-08-29,950,Done
2426,203,31,2023-08-22,2023-09-13,2023-09-03,200575,Broken
2427,374,169,2023-08-25,2023-09-12,2023-10-30,18144,Done
2428,280,120,2023-08-26,2023-09-13,2023-11-10,10368,Done
2429,423,83,2023-08-28,2023-09-14,2023-10-21,11264,Done
2430,466,5,2023-08-29,2023-09-10,2023-09-09,912,Done
2431,430,15,2023-08-29,2023-09-03,2023-10-07,7276,Done
2432,451,160,2023-08-30,2023-09-04,2023-09-26,8023,Done
2433,100,51,2023-08-30,2023-10-17,2023-09-27,2400,Done
2434,362,66,2023-08-31,2023-09-06,None,,Rented
2435,8,111,2023-09-02,2023-09-27,2023-10-21,17072,Done
2436,428,108,2023-09-03,2023-09-29,2023-09-16,3328,Done
2437,313,114,2023-09-04,2023-09-17,2023-09-26,6320,Done
2438,392,126,2023-09-05,2023-09-22,2023-11-22,11400,Done
2439,391,103,2023-09-05,2023-09-17,2023-09-22,5346,Done
2440,476,143,2023-09-06,2023-09-20,2023-09-25,3886,Done
2441,356,145,2023-09-07,2023-09-16,None,,Rented
2442,53,134,2023-09-07,2023-09-29,2023-11-14,220500,Broken
2443,198,113,2023-09-08,2023-09-19,2023-10-23,22261,Done
2444,456,123,2023-09-09,2023-09-20,2023-10-01,4356,Done
2445,14,102,2023-09-12,2023-09-29,2023-11-06,16244,Done
2446,422,130,2023-09-12,2023-11-06,2023-10-04,3905,Done
2447,371,93,2023-09-13,2023-09-18,2023-11-18,37036,Done
2448,56,175,2023-09-14,2023-09-29,2023-09-14,1320,Done
2449,491,106,2023-09-15,2023-09-30,None,,Rented
2450,439,187,2023-09-15,2023-10-30,2023-09-15,5895,Done
2451,333,132,2023-09-18,2023-11-07,2023-09-22,9150,Done
2452,182,91,2023-09-20,2023-11-08,None,,Rented
2453,237,1,2023-09-21,2023-09-24,2023-09-25,1098,Done
2454,415,150,2023-09-21,2023-10-03,2023-10-02,1200,Done
2455,42,132,2023-09-24,2023-10-01,2023-11-10,387194,Broken
2456,450,18,2023-09-24,2023-10-17,2023-09-24,3772,Done
2457,84,31,2023-09-25,2023-11-23,2023-09-25,10148,Done
2458,311,21,2023-09-27,2023-10-13,2023-09-27,1888,Done
2459,317,112,2023-09-27,2023-10-19,2023-10-10,2354,Done
2460,117,71,2023-09-29,2023-11-16,None,,Rented
2461,450,103,2023-09-30,2023-10-14,2023-09-30,2772,Done
2462,36,131,2023-09-30,2023-10-11,2023-09-30,726,Done
2463,264,183,2023-10-03,2023-10-16,2023-10-03,471141,Broken
2464,277,127,2023-10-04,2023-10-04,2023-10-09,2805,Done
2465,407,76,2023-10-04,2023-10-25,2023-10-04,1218,Done
2466,401,122,2023-10-04,2023-10-19,2023-10-25,3894,Done
2467,141,143,2023-10-06,2023-10-13,None,,Rented
2468,490,95,2023-10-08,2023-11-01,None,,Rented
2469,435,200,2023-10-09,2023-10-19,None,,Rented
2470,489,34,2023-10-09,2023-10-11,2023-10-19,4186,Done
2471,335,137,2023-10-10,2023-10-29,2023-10-10,1368,Done
2472,451,39,2023-10-11,2023-10-21,2023-11-19,452129,Broken
2473,103,87,2023-10-15,2023-11-06,2023-10-15,2068,Done
2474,21,5,2023-10-18,2023-10-23,None,,Rented
2475,191,4,2023-10-19,2023-11-01,2023-11-24,13120,Done
2476,335,57,2023-10-20,2023-11-12,2023-10-27,3427,Done
2477,39,83,2023-10-22,2023-10-24,2023-11-03,2816,Done
2478,115,119,2023-10-22,2023-10-26,2023-10-22,468,Done
2479,369,128,2023-10-24,2023-11-06,None,,Rented
2480,53,14,2023-10-26,2023-10-29,2023-10-26,291,Done
2481,66,49,2023-10-27,2023-11-11,None,,Rented
2482,184,104,2023-10-27,2023-11-10,2023-11-11,2686,Done
2483,410,34,2023-10-27,2023-12-05,2023-10-27,6279,Done
2484,114,26,2023-10-30,2023-11-18,None,,Rented
2485,231,12,2023-10-31,2023-11-11,2023-11-18,4928,Done
2486,181,123,2023-10-31,2023-11-07,2023-11-21,4851,Done
2487,489,160,2023-11-03,2023-11-14,2023-11-03,1243,Done
2488,78,116,2023-11-03,2023-12-22,2023-11-22,2842,Done
2489,399,197,2023-11-04,2023-12-04,2023-11-06,4170,Done
2490,450,67,2023-11-07,2023-11-12,2023-11-07,480,Done
2491,71,197,2023-11-08,2023-12-11,2023-11-10,4587,Done
2492,456,125,2023-11-09,2023-12-17,2023-11-09,5168,Done
2493,286,31,2023-11-11,2023-12-04,None,,Rented
2494,77,70,2023-11-12,2023-11-17,2023-11-21,1207,Done
2495,211,48,2023-11-14,2023-11-16,2023-11-14,370,Done
2496,68,84,2023-11-14,2023-12-06,None,,Rented
2497,217,75,2023-11-16,2023-12-19,2023-11-19,476695,Broken
2498,29,99,2023-11-16,2023-11-21,2023-11-16,490,Done
2499,324,85,2023-11-17,2023-12-07,2023-11-17,1480,Done
2500,442,101,2023-11-17,2023-11-18,None,,Rented
